,mean_fit_time,std_fit_time,mean_score_time,std_score_time,param_n_estimators,param_min_samples_split,param_min_samples_leaf,param_max_depth,params,split0_test_score,split1_test_score,split2_test_score,split3_test_score,split4_test_score,mean_test_score,std_test_score,rank_test_score,split0_train_score,split1_train_score,split2_train_score,split3_train_score,split4_train_score,mean_train_score,std_train_score,im
0,2.9078444480895995,0.1708327325444617,0.13010292053222655,0.0520615118922652,90,0.018000000000000002,8,14,"{'n_estimators': 90, 'min_samples_split': 0.018000000000000002, 'min_samples_leaf': 8, 'max_depth': 14}",0.8684719535783365,0.7551679586563308,0.915374677002584,0.4095607235142119,0.9282945736434108,0.7753739772789748,0.19281066242567235,1,1.0,0.9997578692493947,0.9998305084745763,1.0,1.0,0.999917675544794,0.00010340995885743022,OxyR
1,2.5698421001434326,0.11788873640231465,0.13160886764526367,0.09819819915610217,95,0.003,10,10,"{'n_estimators': 95, 'min_samples_split': 0.003, 'min_samples_leaf': 10, 'max_depth': 10}",0.9555125725338491,0.7202842377260981,0.6233850129198967,0.71640826873385,0.7625968992248062,0.7556373982277,0.10979798170817455,2,0.9997357293868921,0.9999273607748185,0.9999031476997577,1.0,1.0,0.9999132475722936,9.681514704309618e-05,OxyR
2,2.800564908981323,0.23063404731532614,0.12754426002502442,0.018623370688883072,90,0.017,6,12,"{'n_estimators': 90, 'min_samples_split': 0.017, 'min_samples_leaf': 6, 'max_depth': 12}",0.9187620889748549,0.5872093023255814,0.652454780361757,0.8391472868217054,0.7674418604651163,0.7530030637898031,0.12058431828582167,3,0.9998238195912614,0.9998062953995158,0.9999757869249396,1.0,1.0,0.9999211803831433,8.727499260243569e-05,OxyR
3,3.3233352184295653,0.4375389603033447,0.17209076881408691,0.05294885997777495,95,0.008,9,9,"{'n_estimators': 95, 'min_samples_split': 0.008, 'min_samples_leaf': 9, 'max_depth': 9}",0.6779497098646035,0.8055555555555557,0.921188630490956,0.6653746770025839,0.6666666666666666,0.7473470479160731,0.10164045477477335,4,0.9996476391825229,0.9997820823244552,0.9997578692493947,1.0,1.0,0.9998375181512745,0.00014019401097799884,OxyR
4,1.3319780826568604,0.1060886803016347,0.11021785736083985,0.040382542901408865,35,0.013000000000000001,11,11,"{'n_estimators': 35, 'min_samples_split': 0.013000000000000001, 'min_samples_leaf': 11, 'max_depth': 11}",0.9129593810444874,0.6950904392764857,0.7212532299741602,0.40568475452196384,0.8900193798449613,0.7250014369324117,0.18189610811653842,5,0.9999559548978154,0.9996368038740919,0.9998305084745763,1.0,1.0,0.9998846534492968,0.00013860349223293047,OxyR
5,1.7529151439666748,0.17004628447465128,0.05210256576538086,0.012741219346262062,65,0.007,11,6,"{'n_estimators': 65, 'min_samples_split': 0.007, 'min_samples_leaf': 11, 'max_depth': 6}",0.9448742746615088,0.4731912144702842,0.9024547803617571,0.7183462532299741,0.5673449612403101,0.7212422967927669,0.18334194398802753,6,0.9996916842847077,0.9999273607748184,0.9998062953995157,1.0,1.0,0.9998850680918083,0.00011984138849088552,OxyR
6,2.058597183227539,0.5168337420035233,0.15427684783935547,0.015962788656321125,50,0.008,12,7,"{'n_estimators': 50, 'min_samples_split': 0.008, 'min_samples_leaf': 12, 'max_depth': 7}",0.410541586073501,0.7199612403100775,0.7516149870801033,0.8662790697674418,0.8178294573643411,0.713245268119093,0.15968973406365727,7,0.9999119097956306,0.999636803874092,0.999951573849879,1.0,1.0,0.9999000575039204,0.00013570106070532944,OxyR
7,2.016183376312256,0.10615907937527602,0.08974137306213378,0.031038560428523956,60,0.017,6,14,"{'n_estimators': 60, 'min_samples_split': 0.017, 'min_samples_leaf': 6, 'max_depth': 14}",0.7485493230174081,0.6789405684754521,0.8481912144702841,0.48029715762273895,0.7635658914728682,0.7039088310117504,0.12409249709451371,8,0.9998898872445385,0.9998062953995157,0.9997336561743342,1.0,1.0,0.9998859677636777,0.00010542160123149025,OxyR
8,2.4778839588165282,0.13573943917147108,0.14376387596130372,0.044878272100892395,75,0.007,14,11,"{'n_estimators': 75, 'min_samples_split': 0.007, 'min_samples_leaf': 14, 'max_depth': 11}",0.8104448742746616,0.6795865633074936,0.5539405684754521,0.8456072351421188,0.5683139534883721,0.6915786389376196,0.1201134641489445,9,0.9999559548978154,1.0,0.9999757869249395,1.0,0.9999999999999999,0.9999863483645509,1.785725778594745e-05,OxyR
9,2.037470483779907,0.08332081333793585,0.11719970703125,0.04234649062708176,60,0.008,9,9,"{'n_estimators': 60, 'min_samples_split': 0.008, 'min_samples_leaf': 9, 'max_depth': 9}",0.7475822050290135,0.6372739018087855,0.6178940568475452,0.6411498708010335,0.8071705426356589,0.6902141154244072,0.07404061150692048,10,0.9997137068357999,0.9999757869249395,0.9996610169491524,1.0,1.0,0.9998701021419784,0.00015039434167579848,OxyR
10,2.1616721630096434,0.11600783394203563,0.08682851791381836,0.03281907742351563,65,0.019000000000000003,8,12,"{'n_estimators': 65, 'min_samples_split': 0.019000000000000003, 'min_samples_leaf': 8, 'max_depth': 12}",0.9690522243713733,0.8255813953488371,0.5319767441860466,0.415374677002584,0.6773255813953488,0.6838621244608379,0.19830035270120971,11,0.9996916842847077,0.9996610169491524,0.9998305084745762,1.0,1.0,0.9998366419416872,0.00014509733985851582,OxyR
11,1.7703534603118896,0.07350576395922416,0.17268819808959962,0.01948383092665509,50,0.006,10,12,"{'n_estimators': 50, 'min_samples_split': 0.006, 'min_samples_leaf': 10, 'max_depth': 12}",0.9342359767891684,0.5943152454780362,0.6327519379844961,0.7810077519379846,0.4675387596899224,0.6819699343759215,0.16095535393026691,12,1.0,0.9996852300242132,0.9997820823244552,1.0,1.0,0.9998934624697338,0.0001340276271486215,OxyR
12,2.9819242000579833,0.18020394097670397,0.15520162582397462,0.02574300571341801,95,0.017,6,5,"{'n_estimators': 95, 'min_samples_split': 0.017, 'min_samples_leaf': 6, 'max_depth': 5}",0.8065764023210831,0.5923772609819121,0.693798449612403,0.6395348837209303,0.6579457364341086,0.6780465466140874,0.07210334736410567,13,0.9996256166314306,0.9997820823244552,0.9998305084745763,1.0,1.0,0.9998476414860924,0.00014164237597982741,OxyR
13,1.950602149963379,0.11788937416007306,0.10868268013000489,0.018844577445293623,60,0.005,13,10,"{'n_estimators': 60, 'min_samples_split': 0.005, 'min_samples_leaf': 13, 'max_depth': 10}",0.9458413926499033,0.4373385012919896,0.6291989664082687,0.6437338501291989,0.7238372093023255,0.6759899839563372,0.16449530535414145,14,0.9999559548978153,0.9995883777239709,0.9998789346246972,1.0,1.0,0.9998846534492968,0.00015459984505249063,OxyR
14,2.621484088897705,0.1421952864092604,0.13579778671264647,0.052172203657757696,80,0.011,9,11,"{'n_estimators': 80, 'min_samples_split': 0.011, 'min_samples_leaf': 9, 'max_depth': 11}",0.9661508704061896,0.6660206718346253,0.7034883720930232,0.36789405684754517,0.570736434108527,0.654858081057982,0.19432833659336668,15,0.9997797744890768,0.9999757869249395,0.9999273607748185,0.9999999999999999,1.0,0.9999365844377669,8.27699680240937e-05,OxyR
15,2.6294007301330566,0.1332863599892021,0.11277565956115723,0.054427962997665065,75,0.017,6,12,"{'n_estimators': 75, 'min_samples_split': 0.017, 'min_samples_leaf': 6, 'max_depth': 12}",0.7959381044487427,0.5342377260981912,0.31330749354005166,0.7267441860465116,0.8914728682170543,0.6523400756701102,0.20602529684555493,16,0.9998458421423537,0.9998547215496367,0.9998305084745763,1.0,1.0,0.9999062144333134,7.696647037614695e-05,OxyR
16,2.7334259033203123,0.3543703747578145,0.09040689468383789,0.04408262216634865,85,0.003,8,11,"{'n_estimators': 85, 'min_samples_split': 0.003, 'min_samples_leaf': 8, 'max_depth': 11}",0.9400386847195359,0.812015503875969,0.4770671834625323,0.5041989664082687,0.38905038759689925,0.624474145212641,0.2127778261296148,17,0.9998238195912614,0.9998789346246973,0.9998305084745762,0.9999999999999999,1.0,0.999906652538107,7.855570698758306e-05,OxyR
17,1.2541597366333008,0.0768738343683586,0.11258621215820312,0.03557126288184305,35,0.016,10,6,"{'n_estimators': 35, 'min_samples_split': 0.016, 'min_samples_leaf': 10, 'max_depth': 6}",0.6320116054158607,0.6837855297157622,0.7406330749354004,0.5109819121447028,0.505329457364341,0.6145483159152134,0.09343541487609168,18,0.999581571529246,1.0,0.999951573849879,1.0,1.0,0.9999066290758251,0.00016360735298061305,OxyR
18,2.605704927444458,0.21769112838451837,0.10705647468566895,0.030943062186215897,80,0.015,8,12,"{'n_estimators': 80, 'min_samples_split': 0.015, 'min_samples_leaf': 8, 'max_depth': 12}",0.6740812379110251,0.7900516795865633,0.682170542635659,0.20445736434108525,0.6647286821705427,0.6030979013289752,0.20442869796457547,19,0.9999119097956306,0.9996610169491527,0.9999999999999999,1.0,1.0,0.9999145853489566,0.00013129438663043446,OxyR
19,0.7502876281738281,0.04789226359475824,0.09025034904479981,0.07828576538552952,15,0.004,14,12,"{'n_estimators': 15, 'min_samples_split': 0.004, 'min_samples_leaf': 14, 'max_depth': 12}",0.7751450676982592,0.5374677002583979,0.3246124031007752,0.36724806201550386,0.9103682170542635,0.5829682900254399,0.22780514078730743,20,0.9998238195912614,0.9998305084745763,0.9996852300242131,1.0,1.0,0.9998679116180101,0.00011967484947739029,OxyR
20,0.7959545135498047,0.05917314673077807,0.10401301383972168,0.018970613748644827,15,0.008,12,8,"{'n_estimators': 15, 'min_samples_split': 0.008, 'min_samples_leaf': 12, 'max_depth': 8}",0.758220502901354,0.6385658914728681,0.3691860465116279,0.3643410852713178,0.6928294573643411,0.5646285967043018,0.16594751461742988,21,0.9998458421423537,0.9998062953995157,0.999636803874092,1.0,1.0,0.9998577882831924,0.00013570311802640667,OxyR
21,2.7486498832702635,0.27810706641314303,0.10905437469482422,0.03540764290396999,80,0.003,5,4,"{'n_estimators': 80, 'min_samples_split': 0.003, 'min_samples_leaf': 5, 'max_depth': 4}",0.7794970986460348,0.5691214470284238,0.5387596899224806,0.41279069767441856,0.4786821705426356,0.5557702207627987,0.1240218051787449,22,0.9996696617336152,0.9997336561743342,0.9999757869249395,1.0,1.0,0.9998758209665777,0.0001439072722303716,OxyR
22,2.3326942920684814,0.5673692216177642,0.2897317886352539,0.1366286056062693,45,0.017,12,8,"{'n_estimators': 45, 'min_samples_split': 0.017, 'min_samples_leaf': 12, 'max_depth': 8}",0.8839458413926499,0.273578811369509,0.6627906976744186,0.41440568475452194,0.5373062015503876,0.5544054473482973,0.20933234389529815,23,0.9995375264270613,0.9998789346246972,0.9997094430992737,1.0,1.0,0.9998251808302066,0.00017897107737678634,OxyR
23,1.39252610206604,0.30009749536988434,0.08410058021545411,0.04713275667172969,15,0.019000000000000003,7,6,"{'n_estimators': 15, 'min_samples_split': 0.019000000000000003, 'min_samples_leaf': 7, 'max_depth': 6}",0.304642166344294,0.2625968992248062,0.5071059431524548,0.7968346253229974,0.815891472868217,0.5374142213825539,0.2347230314517922,24,0.9995815715292459,0.9997820823244552,0.9999273607748184,1.0,1.0,0.999858202925704,0.00015957124057472803,OxyR
24,1.479761791229248,0.0907259565961725,0.1037111759185791,0.032630873508708975,40,0.005,9,12,"{'n_estimators': 40, 'min_samples_split': 0.005, 'min_samples_leaf': 9, 'max_depth': 12}",0.3718568665377176,0.3468992248062015,0.7784237726098191,0.5251937984496123,0.5862403100775193,0.521722794496174,0.15690317188108718,25,0.999801797040169,0.9997578692493946,0.999951573849879,1.0,1.0,0.9999022480278885,0.00010244956362193585,OxyR
25,2.0347684383392335,0.08974887512028965,0.11647443771362305,0.047983168983097436,55,0.018000000000000002,6,5,"{'n_estimators': 55, 'min_samples_split': 0.018000000000000002, 'min_samples_leaf': 6, 'max_depth': 5}",0.896640826873385,0.9289405684754521,0.9334625322997415,0.9936893203883495,0.9106796116504854,0.9326825719374827,0.033225207097264176,1,1.0,1.0,1.0,1.0,1.0,1.0,0.0,LexA
26,3.1495810985565185,0.13700855285309538,0.11422467231750488,0.05868667480358133,85,0.018000000000000002,8,13,"{'n_estimators': 85, 'min_samples_split': 0.018000000000000002, 'min_samples_leaf': 8, 'max_depth': 13}",0.9276485788113694,0.9941860465116278,0.9457364341085271,0.9839805825242718,0.7773462783171521,0.9257795840545896,0.07810379707334841,2,1.0,1.0,1.0,1.0,1.0,1.0,0.0,LexA
27,2.5272978782653808,0.075247384109271,0.16401820182800292,0.0355925901628799,70,0.019000000000000003,9,11,"{'n_estimators': 70, 'min_samples_split': 0.019000000000000003, 'min_samples_leaf': 9, 'max_depth': 11}",0.8023255813953488,0.998062015503876,0.849483204134367,0.9577669902912621,0.977346278317152,0.9169968139284013,0.07691997285128321,3,1.0,1.0,1.0,1.0,1.0,1.0,0.0,LexA
28,1.7179749965667725,0.0645979242001787,0.1337484359741211,0.01888290044431967,50,0.008,10,13,"{'n_estimators': 50, 'min_samples_split': 0.008, 'min_samples_leaf': 10, 'max_depth': 13}",0.8804909560723514,0.9844961240310077,0.9689922480620154,0.9912621359223301,0.7511326860841423,0.9152748300343694,0.0912181785683304,4,1.0,1.0,1.0,1.0,1.0,1.0,0.0,LexA
29,2.49467511177063,0.11867004091328036,0.08310246467590332,0.036595423454559656,70,0.011,9,6,"{'n_estimators': 70, 'min_samples_split': 0.011, 'min_samples_leaf': 9, 'max_depth': 6}",0.6834625322997416,0.9961240310077519,0.9328165374677003,0.9859223300970874,0.96957928802589,0.9135809437796343,0.11705293105972472,5,1.0,1.0,1.0,1.0,1.0,1.0,0.0,LexA
30,2.763462448120117,0.12228084259172756,0.12608962059020995,0.03337961063302405,80,0.003,12,9,"{'n_estimators': 80, 'min_samples_split': 0.003, 'min_samples_leaf': 12, 'max_depth': 9}",0.8636950904392765,0.9702842377260982,0.7835917312661498,0.9893203883495145,0.9433656957928802,0.9100514287147838,0.0763706289237297,6,1.0,0.9999999999999999,1.0,1.0,1.0,1.0,4.965068306494546e-17,LexA
31,2.541054201126099,0.10443838858662799,0.11223678588867188,0.019331980078145815,70,0.001,14,9,"{'n_estimators': 70, 'min_samples_split': 0.001, 'min_samples_leaf': 14, 'max_depth': 9}",0.693798449612403,0.9857881136950903,0.9580103359173127,1.0,0.8796116504854369,0.9034417099420485,0.11278327612385794,7,1.0,1.0,1.0,1.0,1.0,1.0,0.0,LexA
32,1.9708032608032227,0.07871845877959885,0.09694089889526367,0.04074042110421447,55,0.013000000000000001,8,9,"{'n_estimators': 55, 'min_samples_split': 0.013000000000000001, 'min_samples_leaf': 8, 'max_depth': 9}",0.7244832041343668,0.9883720930232557,0.939922480620155,0.866504854368932,0.9805825242718447,0.8999730312837109,0.0978008601980847,8,1.0,1.0,1.0,1.0,1.0,1.0,0.0,LexA
33,2.0716925621032716,0.12637309041246053,0.1282721519470215,0.045736903770547774,60,0.018000000000000002,12,9,"{'n_estimators': 60, 'min_samples_split': 0.018000000000000002, 'min_samples_leaf': 12, 'max_depth': 9}",0.7693798449612402,0.8869509043927648,0.9095607235142118,0.9388349514563107,0.9851132686084142,0.8979679385865884,0.07218737675316134,9,1.0,1.0,1.0,1.0,1.0,1.0,0.0,LexA
34,2.067814016342163,0.05593996987485984,0.11769547462463378,0.03366578291034724,60,0.010000000000000002,8,13,"{'n_estimators': 60, 'min_samples_split': 0.010000000000000002, 'min_samples_leaf': 8, 'max_depth': 13}",0.8385012919896642,0.9916020671834626,0.7803617571059431,0.8747572815533979,0.9346278317152104,0.8839700459095357,0.0735361453778492,10,1.0,1.0,0.9999999999999999,1.0,1.0,1.0,4.965068306494546e-17,LexA
35,1.9531517505645752,0.11338881755024995,0.11348586082458496,0.018220866817952305,55,0.019000000000000003,9,9,"{'n_estimators': 55, 'min_samples_split': 0.019000000000000003, 'min_samples_leaf': 9, 'max_depth': 9}",0.8611111111111112,0.8624031007751938,0.8830749354005167,0.9781553398058253,0.8288025889967637,0.8827094152178822,0.050783535097940924,11,1.0,1.0,1.0,1.0,0.9999999999999999,1.0,4.965068306494546e-17,LexA
36,1.2365391731262207,0.05966102509897181,0.0778590202331543,0.026605452526769848,30,0.014000000000000002,8,6,"{'n_estimators': 30, 'min_samples_split': 0.014000000000000002, 'min_samples_leaf': 8, 'max_depth': 6}",0.8588501291989664,0.9909560723514211,0.5629844961240309,0.9815533980582524,0.9637540453074434,0.871619628208023,0.16139025765514417,12,1.0,1.0,0.9999999999999999,1.0,1.0,1.0,4.965068306494546e-17,LexA
37,2.456254005432129,0.11659719534727297,0.09021029472351075,0.019061825202736374,70,0.014000000000000002,5,10,"{'n_estimators': 70, 'min_samples_split': 0.014000000000000002, 'min_samples_leaf': 5, 'max_depth': 10}",0.7739018087855297,0.9224806201550387,0.6498708010335918,0.9907766990291261,0.9902912621359223,0.8654642382278418,0.13371617343051612,13,1.0,1.0,1.0,1.0,1.0,1.0,0.0,LexA
38,0.9758190631866455,0.10919328938414082,0.05859408378601074,0.03517653009531355,25,0.013000000000000001,6,11,"{'n_estimators': 25, 'min_samples_split': 0.013000000000000001, 'min_samples_leaf': 6, 'max_depth': 11}",0.9444444444444444,0.7813307493540051,0.6627906976744187,0.9975728155339807,0.8825242718446602,0.8537325957703018,0.11953948697870709,14,1.0,1.0,1.0,1.0,1.0,1.0,0.0,LexA
39,2.353464412689209,0.1252788094633976,0.11187424659729003,0.03615089039787919,65,0.007,6,9,"{'n_estimators': 65, 'min_samples_split': 0.007, 'min_samples_leaf': 6, 'max_depth': 9}",0.7881136950904393,0.9689922480620154,0.6656976744186046,0.8766990291262136,0.9572815533980583,0.8513568400190662,0.11328669986412186,15,1.0,0.9999999999999999,1.0,1.0,1.0,1.0,4.965068306494546e-17,LexA
40,1.7178577423095702,0.021896225097584408,0.09224295616149902,0.03942618818045233,50,0.016,14,3,"{'n_estimators': 50, 'min_samples_split': 0.016, 'min_samples_leaf': 14, 'max_depth': 3}",0.5261627906976744,0.9954780361757105,0.9334625322997416,0.974757281553398,0.8006472491909385,0.8461015779834927,0.17373800751595272,16,1.0,1.0,1.0,1.0,0.9999999999999999,1.0,4.965068306494546e-17,LexA
41,0.8194604396820069,0.059477639871157034,0.09992442131042481,0.0225754493701467,20,0.019000000000000003,12,7,"{'n_estimators': 20, 'min_samples_split': 0.019000000000000003, 'min_samples_leaf': 12, 'max_depth': 7}",0.8081395348837209,0.9728682170542635,0.725452196382429,0.7815533980582525,0.9349514563106797,0.8445929605378693,0.09393248592021614,17,1.0,1.0,1.0,1.0,1.0,1.0,0.0,LexA
42,2.298539161682129,0.11639640377584187,0.12126717567443848,0.013695552634819232,65,0.001,10,10,"{'n_estimators': 65, 'min_samples_split': 0.001, 'min_samples_leaf': 10, 'max_depth': 10}",0.5197028423772609,0.900516795865633,0.8003875968992248,1.0,0.9592233009708737,0.8359661072225986,0.17178738503287164,18,1.0,1.0,1.0,1.0,1.0,1.0,0.0,LexA
43,1.3678662300109863,0.04646522421219765,0.07849907875061035,0.03004871285415755,35,0.005,5,4,"{'n_estimators': 35, 'min_samples_split': 0.005, 'min_samples_leaf': 5, 'max_depth': 4}",0.6779715762273901,0.9560723514211886,0.7390180878552972,0.9257281553398059,0.6990291262135923,0.7995638594114548,0.11744789823633889,19,1.0,1.0,1.0,1.0,0.9999999999999999,1.0,4.965068306494546e-17,LexA
44,1.6166018486022948,0.09182170515229049,0.1115117073059082,0.01857075120491867,45,0.002,14,9,"{'n_estimators': 45, 'min_samples_split': 0.002, 'min_samples_leaf': 14, 'max_depth': 9}",0.6482558139534884,0.9696382428940569,0.6217700258397932,0.9466019417475728,0.7501618122977347,0.7872855673465293,0.1461075257673992,20,1.0,1.0,1.0,1.0,1.0,1.0,0.0,LexA
45,1.671269130706787,0.02185792896749326,0.1186485767364502,0.04228744501862342,45,0.004,10,13,"{'n_estimators': 45, 'min_samples_split': 0.004, 'min_samples_leaf': 10, 'max_depth': 13}",0.5636304909560723,0.9547803617571059,0.6582687338501292,0.979126213592233,0.7404530744336569,0.7792517749178394,0.1633369826559603,21,0.9999999999999999,1.0000000000000002,1.0,1.0,1.0,1.0,1.1102230246251565e-16,LexA
46,1.2535327434539796,0.10249145869381687,0.13466134071350097,0.017140734446647744,30,0.008,7,12,"{'n_estimators': 30, 'min_samples_split': 0.008, 'min_samples_leaf': 7, 'max_depth': 12}",0.7380490956072351,0.772609819121447,0.5077519379844961,0.8368932038834951,0.7614886731391586,0.7233585459471664,0.11266919251345313,22,1.0,1.0,1.0,1.0,1.0,1.0,0.0,LexA
47,1.5649873256683349,0.089846444767093,0.12016167640686035,0.05325810790507929,40,0.002,5,11,"{'n_estimators': 40, 'min_samples_split': 0.002, 'min_samples_leaf': 5, 'max_depth': 11}",0.28456072351421186,0.8704780361757107,0.6611757105943152,0.9618932038834951,0.7915857605177993,0.7139386869371064,0.2362898413032396,23,1.0,1.0,1.0,1.0,1.0,1.0,0.0,LexA
48,1.012205457687378,0.0536438853869491,0.10995302200317383,0.051634817650371444,20,0.010000000000000002,12,11,"{'n_estimators': 20, 'min_samples_split': 0.010000000000000002, 'min_samples_leaf': 12, 'max_depth': 11}",0.46899224806201545,0.9851421188630491,0.6986434108527131,0.46771844660194173,0.9229773462783172,0.7086947141316073,0.21815960967715764,24,1.0,0.9999999999999999,1.0,1.0,1.0,1.0,4.965068306494546e-17,LexA
49,0.6332383155822754,0.04144952927856894,0.07065377235412598,0.023196497276988803,10,0.017,7,7,"{'n_estimators': 10, 'min_samples_split': 0.017, 'min_samples_leaf': 7, 'max_depth': 7}",0.6101421188630491,0.5529715762273902,0.7354651162790697,0.520873786407767,0.6336569579288025,0.6106219111412157,0.07415518384991801,25,1.0,1.0,0.9999999999999999,1.0,1.0,1.0,4.965068306494546e-17,LexA
50,2.583953094482422,0.25650169649606863,0.10105652809143066,0.025284464590199524,85,0.017,6,9,"{'n_estimators': 85, 'min_samples_split': 0.017, 'min_samples_leaf': 6, 'max_depth': 9}",0.7001934235976789,0.9709864603481625,0.7287234042553192,0.9661508704061896,1.0,0.8732108317214701,0.13044926810563878,1,1.0,1.0,0.9997927604310584,0.9996891406465874,0.9996071083172148,0.9998178018789721,0.00015997804500026953,NsrR
51,1.8271982669830322,0.12354024650529354,0.09959225654602051,0.026349541021891586,60,0.018000000000000002,7,3,"{'n_estimators': 60, 'min_samples_split': 0.018000000000000002, 'min_samples_leaf': 7, 'max_depth': 3}",0.7882011605415862,0.9032882011605416,0.7147001934235977,0.9516441005802708,1.0,0.8715667311411991,0.10532869535234296,2,1.0,1.0,0.9997582205029013,0.999412821221332,0.9994862185686653,0.9997314520585798,0.0002476358690958705,NsrR
52,2.3723312854766845,0.20928673828624783,0.11534929275512695,0.032838211559977515,80,0.008,9,11,"{'n_estimators': 80, 'min_samples_split': 0.008, 'min_samples_leaf': 9, 'max_depth': 11}",0.8916827852998065,0.8916827852998065,0.5531914893617021,0.9874274661508704,1.0,0.864796905222437,0.16239566964661575,3,0.9999999999999999,1.0,0.9998273003592153,0.9993782812931749,0.9995164410058027,0.9997444045316385,0.0002543790085592919,NsrR
53,1.7003018379211425,0.12835677455213382,0.09646906852722167,0.014501615882118967,55,0.009000000000000001,6,11,"{'n_estimators': 55, 'min_samples_split': 0.009000000000000001, 'min_samples_leaf': 6, 'max_depth': 11}",0.6015473887814313,0.9168278529980658,0.804642166344294,0.9787234042553191,1.0,0.860348162475822,0.14614122450666908,4,1.0,1.0,0.9998273003592152,0.9994819010776458,0.9993048839458414,0.9997228170765403,0.0002818815789415807,NsrR
54,2.8528321743011475,0.19537624481194257,0.13136873245239258,0.037794347882113465,95,0.016,9,11,"{'n_estimators': 95, 'min_samples_split': 0.016, 'min_samples_leaf': 9, 'max_depth': 11}",0.6141199226305609,0.9245647969052224,0.7524177949709865,0.9893617021276595,0.9999999999999999,0.856092843326886,0.1499717819434994,5,0.9999999999999999,1.0,0.9997927604310584,0.9995855208621166,0.9998186653771761,0.9998393893340702,0.0001540418839525669,NsrR
55,1.126643753051758,0.08166260942913878,0.07740931510925293,0.024880423402173592,30,0.001,7,11,"{'n_estimators': 30, 'min_samples_split': 0.001, 'min_samples_leaf': 7, 'max_depth': 11}",0.6832688588007737,0.9477756286266925,0.9323017408123792,0.7122823984526112,1.0,0.8551257253384913,0.13074226249719434,6,1.0,1.0,0.9995509809339597,0.9995164410058027,0.9996675531914894,0.9997469950262504,0.00021256091800489507,NsrR
56,2.417232704162598,0.13336647098117277,0.09941902160644531,0.04057980695500972,80,0.007,14,14,"{'n_estimators': 80, 'min_samples_split': 0.007, 'min_samples_leaf': 14, 'max_depth': 14}",0.5488394584139265,0.8684719535783365,0.8288201160541585,0.9864603481624757,1.0,0.8465183752417793,0.1628178678322594,7,1.0,1.0,0.9997236805747444,0.999309201436861,0.9993351063829787,0.9996735976789168,0.0003042848091909017,NsrR
57,2.4437975883483887,0.25789940832623875,0.1216817855834961,0.021857983550183462,85,0.009000000000000001,8,3,"{'n_estimators': 85, 'min_samples_split': 0.009000000000000001, 'min_samples_leaf': 8, 'max_depth': 3}",0.9352030947775629,0.7717601547388782,0.5077369439071567,0.9970986460348162,1.0,0.8423597678916828,0.18674645177036311,8,1.0,1.0,0.9995164410058026,0.9996200607902734,0.9996675531914895,0.9997608109975131,0.00020131919426238915,NsrR
58,1.4388731002807618,0.12620585685226457,0.12012839317321777,0.02434025397136277,45,0.010000000000000002,14,5,"{'n_estimators': 45, 'min_samples_split': 0.010000000000000002, 'min_samples_leaf': 14, 'max_depth': 5}",0.902321083172147,0.5938104448742747,0.7785299806576402,0.9163442940038684,1.0,0.8382011605415862,0.14119776899701048,9,1.0,1.0,0.9996200607902737,0.999378281293175,0.9995164410058026,0.9997029566178502,0.0002543790085592913,NsrR
59,2.5349449634552004,0.207247296373016,0.10676517486572265,0.05631062966590501,85,0.005,8,13,"{'n_estimators': 85, 'min_samples_split': 0.005, 'min_samples_leaf': 8, 'max_depth': 13}",0.718568665377176,0.9671179883945842,0.5604448742746615,0.9231141199226305,1.0,0.8338491295938105,0.1681513670582671,10,1.0,1.0,0.9997582205029013,0.9997927604310584,0.999455996131528,0.9998013954130975,0.00020006342162994276,NsrR
60,2.7764161586761475,0.18457723951631566,0.12377495765686035,0.034784937675403714,95,0.001,7,5,"{'n_estimators': 95, 'min_samples_split': 0.001, 'min_samples_leaf': 7, 'max_depth': 5}",0.5652804642166345,0.8085106382978724,0.7901353965183753,0.9970986460348162,1.0,0.8322050290135398,0.1605771208138872,11,1.0,1.0,0.9997582205029013,0.9997236805747444,0.9997582205029014,0.9998480243161094,0.00012472692791702493,NsrR
61,0.662839698791504,0.05043377357583521,0.09839715957641601,0.0424588473983363,15,0.003,8,11,"{'n_estimators': 15, 'min_samples_split': 0.003, 'min_samples_leaf': 8, 'max_depth': 11}",0.6953578336557061,0.8065764023210832,0.5996131528046422,0.9758220502901355,1.0,0.8154738878143135,0.1554762412212158,12,1.0,1.0,0.9998273003592153,0.9995509809339598,0.999455996131528,0.9997668554849406,0.0002260980636785317,NsrR
62,0.800101375579834,0.07859950764740632,0.07525320053100586,0.034866987607526816,20,0.017,14,14,"{'n_estimators': 20, 'min_samples_split': 0.017, 'min_samples_leaf': 14, 'max_depth': 14}",0.7064796905222437,0.8201160541586072,0.4821083172147002,0.97678916827853,1.0,0.7970986460348162,0.1904826221208932,13,1.0,1.0,0.9996200607902737,0.9994473611494888,0.9993653288201161,0.9996865501519757,0.00026881851596375635,NsrR
63,1.773540210723877,0.10549615109985841,0.08578591346740723,0.03896214747406552,55,0.002,5,11,"{'n_estimators': 55, 'min_samples_split': 0.002, 'min_samples_leaf': 5, 'max_depth': 11}",0.8075435203094777,0.21276595744680848,0.9090909090909092,0.9076402321083172,1.0,0.7674081237911026,0.2839284485473606,14,0.9999999999999999,1.0,0.9997582205029014,1.0,0.9992142166344293,0.9997944874274662,0.0003048723455734745,NsrR
64,2.6573372364044188,0.178098711740626,0.13428735733032227,0.020836197307672402,90,0.018000000000000002,8,7,"{'n_estimators': 90, 'min_samples_split': 0.018000000000000002, 'min_samples_leaf': 8, 'max_depth': 7}",0.6779497098646035,0.9148936170212766,0.2954545454545454,0.946808510638298,1.0,0.7670212765957446,0.26029893970810136,15,1.0,1.0,0.9995509809339596,0.9995164410058028,0.9999395551257253,0.9998013954130975,0.00021994640059314606,NsrR
65,1.1935620307922363,0.10256222427710573,0.08010973930358886,0.04411261498308911,35,0.002,12,13,"{'n_estimators': 35, 'min_samples_split': 0.002, 'min_samples_leaf': 12, 'max_depth': 13}",0.6073500967117988,0.6199226305609284,0.6368471953578336,0.9458413926499034,0.9999999999999999,0.7619922630560929,0.17332481262400434,16,1.0,1.0,0.9997582205029014,0.9996200607902737,0.9995768858800773,0.9997910334346504,0.0001808322756660378,NsrR
66,0.9997949600219727,0.0892730904532486,0.0852205753326416,0.03418481108215793,30,0.007,12,10,"{'n_estimators': 30, 'min_samples_split': 0.007, 'min_samples_leaf': 12, 'max_depth': 10}",0.5382011605415861,0.9148936170212767,0.6184719535783365,0.695357833655706,1.0,0.7533849129593809,0.17594133027226677,17,1.0,1.0,0.9997927604310582,0.9994819010776459,0.9997582205029014,0.9998065764023212,0.00019119028050697018,NsrR
67,1.9421730518341065,0.13150717714244345,0.10165657997131347,0.027643025134533598,65,0.014000000000000002,10,9,"{'n_estimators': 65, 'min_samples_split': 0.014000000000000002, 'min_samples_leaf': 10, 'max_depth': 9}",0.6136363636363635,0.8762088974854932,0.379110251450677,0.8075435203094778,1.0,0.7352998065764023,0.21762982837926848,18,1.0,1.0,0.9996200607902737,0.9993782812931749,0.9996977756286267,0.999739223542415,0.0002375734496962989,NsrR
68,1.3376591205596924,0.101925984064147,0.08195610046386718,0.027419315423253654,40,0.010000000000000002,6,13,"{'n_estimators': 40, 'min_samples_split': 0.010000000000000002, 'min_samples_leaf': 6, 'max_depth': 13}",0.6368471953578336,0.6044487427466151,0.473404255319149,0.9506769825918763,1.0,0.7330754352030948,0.2058314740443457,19,1.0,1.0,0.9995509809339597,0.9995509809339597,0.999274661508704,0.9996753246753247,0.0002836483167677304,NsrR
69,1.660140323638916,0.30345929782637304,0.05086040496826172,0.0237555659667419,60,0.010000000000000002,13,3,"{'n_estimators': 60, 'min_samples_split': 0.010000000000000002, 'min_samples_leaf': 13, 'max_depth': 3}",0.6963249516441006,0.2669245647969052,0.5120889748549323,0.9932301740812379,1.0,0.6937137330754352,0.28237023255304977,20,1.0,1.0,0.9996546007184306,0.9991710417242332,0.9991839941972922,0.9996019273279911,0.0003687895594299233,NsrR
70,2.276003932952881,0.17512676783387596,0.11294655799865723,0.03096711900092126,75,0.004,13,11,"{'n_estimators': 75, 'min_samples_split': 0.004, 'min_samples_leaf': 13, 'max_depth': 11}",0.5696324951644101,0.11121856866537716,0.7823984526112185,0.9893617021276596,1.0,0.690522243713733,0.3297665296937623,21,1.0,1.0000000000000002,0.9997582205029014,0.9993437413650179,0.9992444390715667,0.9996692801878971,0.0003203520148818835,NsrR
71,1.0934924602508544,0.0682579393705109,0.07434430122375488,0.03887829903414313,25,0.007,12,6,"{'n_estimators': 25, 'min_samples_split': 0.007, 'min_samples_leaf': 12, 'max_depth': 6}",0.5797872340425532,0.2775628626692457,0.8907156673114119,0.6972920696324952,1.0,0.6890715667311412,0.25246262672787645,22,1.0,1.0,0.9996200607902737,0.9992746615087041,0.9997582205029013,0.9997305885603758,0.00027056032091134983,NsrR
72,1.1300459384918213,0.08745373485599203,0.0964442253112793,0.03662128488129419,35,0.007,12,10,"{'n_estimators': 35, 'min_samples_split': 0.007, 'min_samples_leaf': 12, 'max_depth': 10}",0.6344294003868471,0.4390715667311412,0.2475822050290135,0.9864603481624759,0.9999999999999999,0.6615087040618957,0.2972260566580839,23,1.0,1.0,0.9995509809339596,0.9996546007184306,1.0,0.999841116330478,0.00019733153988790614,NsrR
73,1.437431001663208,0.1084872514873695,0.09765825271606446,0.0383516877856163,45,0.008,9,13,"{'n_estimators': 45, 'min_samples_split': 0.008, 'min_samples_leaf': 9, 'max_depth': 13}",0.21276595744680848,0.46034816247582205,0.7084139264990329,0.8810444874274661,1.0,0.6525145067698259,0.2850977220890692,24,1.0,1.0,0.9997582205029013,0.9995164410058027,0.9994559961315281,0.9997461315280465,0.000230642940381247,NsrR
74,1.276558017730713,0.12573216642784135,0.11486234664916992,0.0329371084074174,40,0.006,5,13,"{'n_estimators': 40, 'min_samples_split': 0.006, 'min_samples_leaf': 5, 'max_depth': 13}",0.3114119922630561,0.59284332688588,0.528046421663443,0.6977756286266924,1.0,0.6260154738878143,0.22569343045839102,25,1.0,1.0,0.9996200607902737,0.9994128212213319,0.9996977756286267,0.9997461315280465,0.00022725592911846027,NsrR
75,3.3402062892913817,0.22025048934007216,0.29019479751586913,0.10147098651229576,55,0.008,8,11,"{'n_estimators': 55, 'min_samples_split': 0.008, 'min_samples_leaf': 8, 'max_depth': 11}",0.8218446601941748,0.7893203883495146,0.7447470817120623,0.8696498054474708,0.8443579766536965,0.8139839824713837,0.0435547814280321,1,1.0,1.0,1.0,1.0,1.0,1.0,0.0,Lrp
76,1.248162841796875,0.3881908910889234,0.27244791984558103,0.1404978357182937,15,0.012,10,5,"{'n_estimators': 15, 'min_samples_split': 0.012, 'min_samples_leaf': 10, 'max_depth': 5}",0.7021844660194174,0.729368932038835,0.6770428015564203,0.8336575875486381,0.9985408560311283,0.7881589286388878,0.11791975996974192,2,1.0,0.9999999999999999,1.0,1.0,1.0,1.0,4.965068306494546e-17,Lrp
77,2.2544761657714845,0.13633203031487146,0.11379861831665039,0.03263933165068222,60,0.018000000000000002,7,5,"{'n_estimators': 60, 'min_samples_split': 0.018000000000000002, 'min_samples_leaf': 7, 'max_depth': 5}",0.9184466019417477,0.6320388349514564,0.5715953307392997,0.8653696498054474,0.9260700389105059,0.7827040912696914,0.1503864002818395,3,0.9999999999999999,1.0,1.0,1.0,1.0,1.0,4.965068306494546e-17,Lrp
78,2.5542948722839354,0.14408664182947611,0.10059614181518554,0.034916174125781456,75,0.005,9,5,"{'n_estimators': 75, 'min_samples_split': 0.005, 'min_samples_leaf': 9, 'max_depth': 5}",0.7810679611650485,0.670873786407767,0.7268482490272373,0.7939688715953308,0.8399805447470816,0.7625478825884932,0.058317566438555506,4,1.0,1.0,1.0,1.0,1.0,1.0,0.0,Lrp
79,3.2437302589416506,0.43092307190076196,0.19577012062072754,0.0940699827750358,75,0.011,8,7,"{'n_estimators': 75, 'min_samples_split': 0.011, 'min_samples_leaf': 8, 'max_depth': 7}",0.6737864077669903,0.6131067961165049,0.6159533073929961,0.9750972762645914,0.8526264591439688,0.7461140493370103,0.14397378063023475,5,1.0,1.0,0.9999999999999999,1.0,0.9999999999999999,1.0,7.021666937153402e-17,Lrp
80,4.475302505493164,0.44081297164930233,0.1765738010406494,0.040219689199921714,75,0.012,10,5,"{'n_estimators': 75, 'min_samples_split': 0.012, 'min_samples_leaf': 10, 'max_depth': 5}",0.7737864077669903,0.48980582524271843,0.8093385214007782,0.7719844357976653,0.8292801556420233,0.734839069170035,0.12442447610652908,6,1.0,1.0,1.0,1.0,1.0,1.0,0.0,Lrp
81,3.334625816345215,0.4851150277741502,0.16624255180358888,0.047101574272431584,65,0.012,10,11,"{'n_estimators': 65, 'min_samples_split': 0.012, 'min_samples_leaf': 10, 'max_depth': 11}",0.7606796116504855,0.6053398058252427,0.6295719844357976,0.8881322957198444,0.7891536964980546,0.7345754788258849,0.10484988947963478,7,1.0,1.0,1.0,1.0,1.0,1.0,0.0,Lrp
82,3.36896014213562,0.5789877644474257,0.2826379299163818,0.16496698719098535,85,0.014000000000000002,7,5,"{'n_estimators': 85, 'min_samples_split': 0.014000000000000002, 'min_samples_leaf': 7, 'max_depth': 5}",0.8616504854368932,0.4728155339805825,0.42548638132295724,0.8424124513618677,0.933852140077821,0.7072433984360244,0.21345125134279913,8,1.0,1.0,1.0,1.0,1.0,1.0,0.0,Lrp
83,5.993326139450073,0.3957467913939198,0.43111538887023926,0.1660732406586673,95,0.001,12,6,"{'n_estimators': 95, 'min_samples_split': 0.001, 'min_samples_leaf': 12, 'max_depth': 6}",0.6281553398058253,0.7339805825242718,0.5622568093385214,0.8035019455252919,0.763375486381323,0.6982540327150467,0.08944650328939509,9,0.9999999999999999,1.0,1.0,1.0,1.0,1.0,4.965068306494546e-17,Lrp
84,2.986850690841675,0.13361983893353632,0.16976485252380372,0.0308878958949776,70,0.007,5,9,"{'n_estimators': 70, 'min_samples_split': 0.007, 'min_samples_leaf': 5, 'max_depth': 9}",0.5822815533980583,0.6577669902912622,0.5607003891050584,0.9013618677042802,0.7874513618677043,0.6979124324732726,0.1290102276115298,10,1.0,1.0,1.0,0.9999999999999999,1.0,1.0,4.965068306494546e-17,Lrp
85,2.2838683128356934,0.22658071324141452,0.11073803901672363,0.06813236391809337,65,0.012,7,14,"{'n_estimators': 65, 'min_samples_split': 0.012, 'min_samples_leaf': 7, 'max_depth': 14}",0.7199029126213592,0.2531553398058252,0.7073929961089493,0.8007782101167314,0.9747081712062257,0.6911875259718182,0.23889473042980336,11,1.0,1.0,1.0,0.9999999999999999,1.0,1.0,4.965068306494546e-17,Lrp
86,0.881183385848999,0.0965636669098098,0.14867420196533204,0.045022496539734294,15,0.002,13,8,"{'n_estimators': 15, 'min_samples_split': 0.002, 'min_samples_leaf': 13, 'max_depth': 8}",0.9016990291262136,0.34587378640776695,0.543579766536965,0.8239299610894941,0.8390077821011673,0.6908180650523214,0.2120450056161057,12,1.0,1.0,1.0,1.0,1.0,1.0,0.0,Lrp
87,1.8692787647247315,0.2325409275878585,0.2003478527069092,0.0647709748507979,35,0.012,9,3,"{'n_estimators': 35, 'min_samples_split': 0.012, 'min_samples_leaf': 9, 'max_depth': 3}",0.5859223300970874,0.5786407766990291,0.5906614785992218,0.7731517509727626,0.9197470817120623,0.6896246836160327,0.13623392437554824,13,1.0,1.0,1.0,1.0,1.0,1.0,0.0,Lrp
88,3.257016086578369,0.1541162187586012,0.13118653297424315,0.03699018107190009,85,0.017,5,6,"{'n_estimators': 85, 'min_samples_split': 0.017, 'min_samples_leaf': 5, 'max_depth': 6}",0.7067961165048543,0.40631067961165046,0.6035019455252919,0.8797665369649806,0.8263618677042801,0.6845474292622115,0.16893839015285178,14,1.0,1.0,1.0,1.0,1.0,1.0,0.0,Lrp
89,4.103741264343261,0.846455128710047,0.11670827865600586,0.04259575849216128,90,0.007,12,6,"{'n_estimators': 90, 'min_samples_split': 0.007, 'min_samples_leaf': 12, 'max_depth': 6}",0.7398058252427184,0.33009708737864074,0.6155642023346304,0.8373540856031129,0.8954280155642023,0.6836498432246609,0.20063084926438632,15,1.0,0.9999999999999999,1.0,1.0,1.0,1.0,4.965068306494546e-17,Lrp
90,1.1888063907623292,0.04499661261555546,0.07769837379455566,0.02338328357218186,30,0.009000000000000001,8,8,"{'n_estimators': 30, 'min_samples_split': 0.009000000000000001, 'min_samples_leaf': 8, 'max_depth': 8}",0.46383495145631065,0.5742718446601942,0.751556420233463,0.8052529182879378,0.8146887159533074,0.6819209701182427,0.13916679592050774,16,1.0,1.0,1.0,1.0,0.9999999999999998,1.0,9.930136612989092e-17,Lrp
91,1.9718133449554442,0.10704009913821246,0.08895859718322754,0.06387104341208033,45,0.007,5,13,"{'n_estimators': 45, 'min_samples_split': 0.007, 'min_samples_leaf': 5, 'max_depth': 13}",0.6140776699029126,0.6864077669902913,0.33482490272373544,0.782490272373541,0.9649805447470816,0.6765562313475124,0.20745675692336302,17,1.0,1.0,1.0,1.0,1.0,1.0,0.0,Lrp
92,3.919321060180664,0.18138182307231474,0.23517293930053712,0.1137474589470219,85,0.019000000000000003,14,12,"{'n_estimators': 85, 'min_samples_split': 0.019000000000000003, 'min_samples_leaf': 14, 'max_depth': 12}",0.6830097087378642,0.6194174757281553,0.37821011673151755,0.7782101167315174,0.8565175097276265,0.6630729855313362,0.16378490370714202,18,1.0,1.0,1.0,1.0,1.0,1.0,0.0,Lrp
93,3.7455103397369385,0.21566801010405884,0.17764830589294434,0.04606767455599729,95,0.007,5,4,"{'n_estimators': 95, 'min_samples_split': 0.007, 'min_samples_leaf': 5, 'max_depth': 4}",0.520388349514563,0.5266990291262136,0.4735408560311284,0.8038910505836576,0.9688715953307393,0.6586781761172604,0.19397171696157461,19,1.0,1.0,1.0,1.0,1.0,1.0,0.0,Lrp
94,2.3979626178741453,0.15699095763128643,0.2808659553527832,0.1235568252489267,35,0.009000000000000001,7,8,"{'n_estimators': 35, 'min_samples_split': 0.009000000000000001, 'min_samples_leaf': 7, 'max_depth': 8}",0.3912621359223301,0.5851941747572815,0.6657587548638133,0.8215953307392996,0.8183365758754865,0.6564293944316422,0.1606044148788863,20,1.0,1.0,1.0,1.0,1.0,1.0,0.0,Lrp
95,1.0619407653808595,0.03351234930451627,0.05371999740600586,0.03174026474928662,25,0.012,14,6,"{'n_estimators': 25, 'min_samples_split': 0.012, 'min_samples_leaf': 14, 'max_depth': 6}",0.5895631067961165,0.5885922330097089,0.40350194552529184,0.7990272373540857,0.8801070038910506,0.6521583053152508,0.16930438982532348,21,1.0,1.0,1.0,1.0,1.0,1.0,0.0,Lrp
96,4.314650964736939,0.3505704851123192,0.22431397438049316,0.10533541835146285,75,0.011,5,9,"{'n_estimators': 75, 'min_samples_split': 0.011, 'min_samples_leaf': 5, 'max_depth': 9}",0.6296116504854369,0.487378640776699,0.5147859922178989,0.8167315175097276,0.7828307392996109,0.6462677080578747,0.1345495993233213,22,1.0,1.0,1.0,1.0,1.0,1.0,0.0,Lrp
97,3.2194473266601564,0.12348513588436746,0.09220271110534668,0.024462810916763195,95,0.011,10,14,"{'n_estimators': 95, 'min_samples_split': 0.011, 'min_samples_leaf': 10, 'max_depth': 14}",0.541747572815534,0.5383495145631068,0.31361867704280155,0.9147859922178989,0.788910505836576,0.6194824524951834,0.2107548149400644,23,1.0,1.0,1.0,1.0,1.0,1.0,0.0,Lrp
98,2.2885703563690187,0.21995566911435535,0.16457905769348144,0.026947077152136237,40,0.009000000000000001,14,14,"{'n_estimators': 40, 'min_samples_split': 0.009000000000000001, 'min_samples_leaf': 14, 'max_depth': 14}",0.44660194174757284,0.38106796116504854,0.3344357976653697,0.8906614785992218,0.9980544747081712,0.6101643307770768,0.27727294831686233,24,1.0,1.0,0.9999999999999999,1.0,1.0,1.0,4.965068306494546e-17,Lrp
99,2.2970838069915773,0.04709928419433198,0.08290390968322754,0.05113519093284219,60,0.010000000000000002,10,13,"{'n_estimators': 60, 'min_samples_split': 0.010000000000000002, 'min_samples_leaf': 10, 'max_depth': 13}",0.6611650485436894,0.11067961165048544,0.35136186770428013,0.7770428015564202,0.9625486381322957,0.5725595935174341,0.30463660827427214,25,1.0,1.0,1.0,1.0,1.0,1.0,0.0,Lrp
100,2.435148000717163,0.26369583511217964,0.16121969223022461,0.04816417964499486,80,0.002,9,10,"{'n_estimators': 80, 'min_samples_split': 0.002, 'min_samples_leaf': 9, 'max_depth': 10}",0.9206963249516442,1.0,1.0,1.0,1.0,0.9841392649903288,0.031721470019342314,1,0.9999999999999999,1.0,1.0,0.9999999999999999,1.0,1.0,7.021666937153402e-17,MalT
101,1.399531364440918,0.18287794749716543,0.11222138404846191,0.04794949253107352,40,0.016,9,8,"{'n_estimators': 40, 'min_samples_split': 0.016, 'min_samples_leaf': 9, 'max_depth': 8}",0.9400386847195358,1.0,1.0,1.0,0.9671179883945841,0.981431334622824,0.02430065574396815,2,1.0,1.0,1.0,1.0,1.0,1.0,0.0,MalT
102,2.754309129714966,0.27733905012104143,0.1304337978363037,0.0602714793876539,95,0.015,8,10,"{'n_estimators': 95, 'min_samples_split': 0.015, 'min_samples_leaf': 8, 'max_depth': 10}",0.9932301740812379,1.0,1.0,1.0,0.8916827852998066,0.976982591876209,0.042730420451224944,3,1.0,1.0,1.0,1.0,1.0,1.0,0.0,MalT
103,1.823798942565918,0.12764828573303758,0.12248497009277344,0.03666991359069255,60,0.008,7,9,"{'n_estimators': 60, 'min_samples_split': 0.008, 'min_samples_leaf': 7, 'max_depth': 9}",0.9680851063829786,1.0,1.0,1.0,0.9013539651837525,0.9738878143133463,0.038315452268980636,4,1.0,1.0,1.0,1.0,1.0,1.0,0.0,MalT
104,2.1558749675750732,0.14835288240182196,0.1253810405731201,0.057966233632559115,70,0.002,8,11,"{'n_estimators': 70, 'min_samples_split': 0.002, 'min_samples_leaf': 8, 'max_depth': 11}",0.9129593810444874,1.0,1.0,1.0,0.9516441005802709,0.9729206963249517,0.03534945238394017,5,1.0,1.0,1.0,1.0,1.0,1.0,0.0,MalT
105,1.3039310455322266,0.07241209719087563,0.10428581237792969,0.0408561760656405,45,0.010000000000000002,5,13,"{'n_estimators': 45, 'min_samples_split': 0.010000000000000002, 'min_samples_leaf': 5, 'max_depth': 13}",0.9110251450676983,1.0,1.0,1.0,0.9226305609284332,0.9667311411992262,0.04091080562136105,6,1.0,1.0,1.0,1.0,1.0,1.0,0.0,MalT
106,2.3295857906341553,0.3073708712602247,0.08760967254638671,0.03940485641649671,85,0.003,7,3,"{'n_estimators': 85, 'min_samples_split': 0.003, 'min_samples_leaf': 7, 'max_depth': 3}",0.9961315280464217,1.0,1.0,1.0,0.7988394584139265,0.9589941972920697,0.0800913844153658,7,1.0,1.0,1.0,1.0,1.0,1.0,0.0,MalT
107,2.581392431259155,0.3644377822790478,0.08313055038452148,0.03289280743818465,95,0.018000000000000002,11,10,"{'n_estimators': 95, 'min_samples_split': 0.018000000000000002, 'min_samples_leaf': 11, 'max_depth': 10}",0.7688588007736944,1.0,1.0,1.0,0.965183752417795,0.946808510638298,0.0899908355032886,8,1.0,1.0,1.0,1.0,1.0,1.0,0.0,MalT
108,1.0124115943908691,0.1498780407923608,0.11486668586730957,0.07904825713982831,25,0.009000000000000001,10,4,"{'n_estimators': 25, 'min_samples_split': 0.009000000000000001, 'min_samples_leaf': 10, 'max_depth': 4}",0.932301740812379,1.0,1.0,1.0,0.8007736943907158,0.946615087040619,0.0774912001266657,9,1.0,1.0,1.0,1.0,1.0,1.0,0.0,MalT
109,0.5138734817504883,0.05394362233453108,0.09648122787475585,0.05747661443063362,10,0.006,6,13,"{'n_estimators': 10, 'min_samples_split': 0.006, 'min_samples_leaf': 6, 'max_depth': 13}",0.7258220502901355,1.0,1.0,0.9999999999999999,0.988394584139265,0.94284332688588,0.10860368997141286,10,1.0,1.0,1.0,1.0,1.0,1.0,0.0,MalT
110,1.0350507736206054,0.06415919560200055,0.10737133026123047,0.0356023353875941,25,0.018000000000000002,7,4,"{'n_estimators': 25, 'min_samples_split': 0.018000000000000002, 'min_samples_leaf': 7, 'max_depth': 4}",0.9206963249516441,1.0,1.0,1.0,0.786266924564797,0.9413926499032883,0.0834227702541371,11,1.0,1.0,1.0,1.0,1.0,1.0,0.0,MalT
111,1.9187403202056885,0.14142326569444555,0.16166629791259765,0.0545431213543431,60,0.009000000000000001,10,7,"{'n_estimators': 60, 'min_samples_split': 0.009000000000000001, 'min_samples_leaf': 10, 'max_depth': 7}",0.8404255319148937,1.0,1.0,1.0,0.8665377176015474,0.9413926499032883,0.07225245222254566,11,1.0,1.0,1.0,1.0,1.0,1.0,0.0,MalT
112,0.6132298946380615,0.025141186145077214,0.06002058982849121,0.04842868094663653,10,0.015,7,3,"{'n_estimators': 10, 'min_samples_split': 0.015, 'min_samples_leaf': 7, 'max_depth': 3}",0.7369439071566731,1.0,0.9999999999999999,1.0,0.9632495164410059,0.9400386847195359,0.1025400501004371,13,1.0,1.0,1.0,1.0,1.0,1.0,0.0,MalT
113,1.6704572677612304,0.09808449048130645,0.1685938835144043,0.09105344177240891,50,0.005,14,4,"{'n_estimators': 50, 'min_samples_split': 0.005, 'min_samples_leaf': 14, 'max_depth': 4}",0.6320116054158607,1.0,1.0,1.0,1.0,0.9264023210831722,0.14719535783365573,14,1.0,1.0,1.0,1.0,1.0,1.0,0.0,MalT
114,0.6468373775482178,0.07878455552547935,0.05558476448059082,0.034065752193734436,15,0.017,9,14,"{'n_estimators': 15, 'min_samples_split': 0.017, 'min_samples_leaf': 9, 'max_depth': 14}",0.6794003868471954,1.0,1.0,1.0,0.9487427466150871,0.9256286266924565,0.12470438014764611,15,1.0,1.0,1.0,1.0,1.0,1.0,0.0,MalT
115,1.6329897880554198,0.18363821769801214,0.12439537048339844,0.05242664722415007,45,0.008,12,13,"{'n_estimators': 45, 'min_samples_split': 0.008, 'min_samples_leaf': 12, 'max_depth': 13}",0.6368471953578336,1.0,0.9999999999999999,0.9999999999999999,0.990328820116054,0.9254352030947774,0.14434261086195835,16,1.0,1.0,1.0,1.0,1.0,1.0,0.0,MalT
116,1.3055456638336183,0.11508116940910385,0.09534764289855957,0.03642370844630554,40,0.011,12,7,"{'n_estimators': 40, 'min_samples_split': 0.011, 'min_samples_leaf': 12, 'max_depth': 7}",0.6465183752417796,1.0,1.0,1.0,0.9613152804642167,0.9215667311411991,0.1383379038787916,17,1.0,1.0,1.0,1.0,1.0,1.0,0.0,MalT
117,1.597666358947754,0.147361459389267,0.14979953765869142,0.03771891557839813,55,0.005,13,8,"{'n_estimators': 55, 'min_samples_split': 0.005, 'min_samples_leaf': 13, 'max_depth': 8}",0.8002901353965184,0.9999999999999999,1.0,1.0,0.7717601547388782,0.9144100580270793,0.10521337001552808,18,1.0,1.0,1.0,1.0,1.0,1.0,0.0,MalT
118,1.2049099922180175,0.10958331930462699,0.10708804130554199,0.06300403506358103,35,0.003,13,8,"{'n_estimators': 35, 'min_samples_split': 0.003, 'min_samples_leaf': 13, 'max_depth': 8}",0.6542553191489362,1.0,1.0,1.0,0.8742746615087041,0.905705996131528,0.13482540505989063,19,1.0,1.0,1.0,1.0,1.0,1.0,0.0,MalT
119,0.9247268676757813,0.07754032453961215,0.1090930461883545,0.030766601377160748,25,0.007,11,5,"{'n_estimators': 25, 'min_samples_split': 0.007, 'min_samples_leaf': 11, 'max_depth': 5}",0.6677949709864603,1.0,1.0,1.0,0.8471953578336557,0.9029980657640232,0.13165300128889385,20,1.0,1.0,1.0,1.0,1.0,1.0,0.0,MalT
120,0.918860912322998,0.05378055510741541,0.09410862922668457,0.013855191494499425,25,0.019000000000000003,5,4,"{'n_estimators': 25, 'min_samples_split': 0.019000000000000003, 'min_samples_leaf': 5, 'max_depth': 4}",0.6876208897485493,1.0,1.0,0.9999999999999999,0.8017408123791102,0.897872340425532,0.13018227202410543,21,1.0,1.0,1.0,0.9999999999999999,1.0,1.0,4.965068306494546e-17,MalT
121,2.0223015785217284,0.2349958049241179,0.11777710914611816,0.04841617332753085,70,0.002,13,4,"{'n_estimators': 70, 'min_samples_split': 0.002, 'min_samples_leaf': 13, 'max_depth': 4}",0.5880077369439072,1.0,1.0,1.0,0.8742746615087039,0.8924564796905221,0.15982267783644252,22,1.0,1.0,1.0,1.0,1.0,1.0,0.0,MalT
122,2.321103048324585,0.18376624082521606,0.15385851860046387,0.06797221084543935,70,0.004,5,5,"{'n_estimators': 70, 'min_samples_split': 0.004, 'min_samples_leaf': 5, 'max_depth': 5}",0.650870406189555,1.0,1.0,1.0,0.7659574468085106,0.8833655705996131,0.14741060977478407,23,1.0,1.0,1.0,1.0,1.0,1.0,0.0,MalT
123,0.5495455265045166,0.09449324056038721,0.04259133338928223,0.04456651508005375,15,0.016,10,3,"{'n_estimators': 15, 'min_samples_split': 0.016, 'min_samples_leaf': 10, 'max_depth': 3}",0.9854932301740813,1.0,1.0,1.0,0.3858800773694391,0.8742746615087041,0.24426191764120483,24,1.0,1.0,1.0,1.0,1.0,1.0,0.0,MalT
124,1.5377012252807618,0.14578945124188653,0.1455974578857422,0.08647364408195059,45,0.009000000000000001,9,5,"{'n_estimators': 45, 'min_samples_split': 0.009000000000000001, 'min_samples_leaf': 9, 'max_depth': 5}",0.8476789168278529,1.0,0.9999999999999999,1.0,0.35976789168278533,0.8414893617021276,0.2479801413948493,25,1.0,1.0,1.0,0.9999999999999999,1.0,1.0,4.965068306494546e-17,MalT
125,2.5384859085083007,0.194983739205226,0.13609328269958496,0.08043402224028624,80,0.011,8,13,"{'n_estimators': 80, 'min_samples_split': 0.011, 'min_samples_leaf': 8, 'max_depth': 13}",1.0,1.0,0.9528423772609819,0.6937984496124032,0.8459302325581395,0.8985142118863049,0.11681087118625855,1,0.9999757869249394,0.9998789346246972,0.999973109605249,0.999865548026245,1.0,0.9999386758362261,5.520916475502083e-05,Mlc
126,2.2707950115203857,0.256174066809375,0.11210136413574219,0.05418873461185554,85,0.013000000000000001,11,12,"{'n_estimators': 85, 'min_samples_split': 0.013000000000000001, 'min_samples_leaf': 11, 'max_depth': 12}",1.0,1.0,0.8856589147286821,0.6463178294573644,0.9200581395348837,0.8904069767441861,0.1300019298807906,2,1.0,0.9999273607748184,0.999865548026245,0.999973109605249,1.0,0.9999532036812624,5.123945037671083e-05,Mlc
127,2.029016876220703,0.18406716492691474,0.12836246490478515,0.03008247312976848,70,0.005,12,4,"{'n_estimators': 70, 'min_samples_split': 0.005, 'min_samples_leaf': 12, 'max_depth': 4}",1.0,1.0,0.7180232558139534,0.806201550387597,0.9098837209302326,0.8868217054263567,0.11058303240038453,3,0.9999757869249395,0.9999273607748184,0.999865548026245,0.999865548026245,1.0,0.9999268487504496,5.5248294051754494e-05,Mlc
128,1.3357822895050049,0.20563203833169133,0.09096789360046387,0.030605016879283513,50,0.008,12,5,"{'n_estimators': 50, 'min_samples_split': 0.008, 'min_samples_leaf': 12, 'max_depth': 5}",1.0,1.0,0.8633720930232558,0.7655038759689923,0.687015503875969,0.8631782945736435,0.12491118171368144,4,0.9999757869249395,0.9999273607748184,0.9998655480262449,0.999865548026245,1.0,0.9999268487504496,5.524829405177913e-05,Mlc
129,2.516952896118164,0.25567833292772013,0.10709166526794434,0.041181587293923336,90,0.001,12,6,"{'n_estimators': 90, 'min_samples_split': 0.001, 'min_samples_leaf': 12, 'max_depth': 6}",1.0,1.0,0.9521963824289406,0.8468992248062015,0.5150193798449613,0.8628229974160208,0.18267106226995164,5,0.9998305084745762,1.0,0.9999731096052491,0.999973109605249,1.0000000000000002,0.9999553455370149,6.35664353692562e-05,Mlc
130,0.7730934619903564,0.06001643466972308,0.07175078392028808,0.04816098690630629,25,0.013000000000000001,11,4,"{'n_estimators': 25, 'min_samples_split': 0.013000000000000001, 'min_samples_leaf': 11, 'max_depth': 4}",1.0,1.0,0.7616279069767441,0.7761627906976745,0.7286821705426356,0.8532945736434108,0.12076862586752678,6,0.9999757869249395,0.9998789346246972,0.999919328815747,0.9998655480262449,1.0,0.9999279196783257,5.26315636347036e-05,Mlc
131,2.4251311302185057,0.24697164257248358,0.10172476768493652,0.0622776857270041,90,0.006,7,13,"{'n_estimators': 90, 'min_samples_split': 0.006, 'min_samples_leaf': 7, 'max_depth': 13}",1.0,1.0,0.968346253229974,0.679263565891473,0.5978682170542636,0.8490956072351421,0.17419707915214813,7,0.9999273607748184,0.9999031476997579,1.0,0.9998655480262449,1.0000000000000002,0.9999392113001644,5.3400052818747725e-05,Mlc
132,2.2867578506469726,0.3421209024468651,0.08792309761047364,0.04882280491260029,80,0.007,7,10,"{'n_estimators': 80, 'min_samples_split': 0.007, 'min_samples_leaf': 7, 'max_depth': 10}",1.0,1.0,0.9463824289405685,0.3081395348837209,0.8837209302325582,0.8276485788113694,0.2632646984517694,8,0.9999757869249395,1.0,0.999865548026245,0.999973109605249,1.0,0.9999628889112866,5.000107009439306e-05,Mlc
133,0.6296616554260254,0.0701127100529501,0.10726962089538575,0.02623511716313316,15,0.003,10,12,"{'n_estimators': 15, 'min_samples_split': 0.003, 'min_samples_leaf': 10, 'max_depth': 12}",1.0,1.0000000000000002,0.9815891472868217,0.4263565891472868,0.7272286821705427,0.8270348837209301,0.22548847282981865,9,0.9998789346246973,0.9999757869249395,0.9999731096052491,0.999919328815747,1.0,0.9999494319941267,4.4019121548785034e-05,Mlc
134,1.4790135383605958,0.15440044765416577,0.07527613639831543,0.03364469833007548,60,0.015,14,7,"{'n_estimators': 60, 'min_samples_split': 0.015, 'min_samples_leaf': 14, 'max_depth': 7}",1.0,1.0,0.8908268733850129,0.5813953488372092,0.5750968992248062,0.8094638242894057,0.19296170569638726,10,0.9999757869249395,0.9999757869249395,0.9999193288157469,0.9999731096052491,1.0,0.9999688024541751,2.6597161423418787e-05,Mlc
135,2.35882625579834,0.22579221378626496,0.12780990600585937,0.07685859146351792,80,0.004,10,14,"{'n_estimators': 80, 'min_samples_split': 0.004, 'min_samples_leaf': 10, 'max_depth': 14}",1.0,1.0,0.8614341085271318,0.812015503875969,0.3624031007751938,0.8071705426356589,0.2345857987290079,11,0.9998789346246973,1.0,1.0,0.999865548026245,1.0,0.9999488965301886,6.273170683137568e-05,Mlc
136,2.1640087127685548,0.36892808427426904,0.051881933212280275,0.027233151012402496,85,0.014000000000000002,11,5,"{'n_estimators': 85, 'min_samples_split': 0.014000000000000002, 'min_samples_leaf': 11, 'max_depth': 5}",1.0,1.0,0.9741602067183464,0.26453488372093026,0.7669573643410853,0.8011304909560722,0.28218437025399323,12,0.9998789346246973,0.9999757869249395,0.999973109605249,0.9999731096052491,1.0000000000000002,0.999960188152027,4.1867334679122195e-05,Mlc
137,0.9768574237823486,0.141945613049822,0.12024121284484864,0.03134107375392703,35,0.002,11,6,"{'n_estimators': 35, 'min_samples_split': 0.002, 'min_samples_leaf': 11, 'max_depth': 6}",1.0,1.0,0.9531653746770026,0.3536821705426356,0.6182170542635659,0.7850129198966409,0.25868174013717027,13,0.9999757869249394,0.9999757869249395,1.0,0.999973109605249,1.0,0.9999849366910256,1.2337932982042293e-05,Mlc
138,0.7853501796722412,0.10048167284923946,0.0836561679840088,0.05532843425418171,25,0.007,10,13,"{'n_estimators': 25, 'min_samples_split': 0.007, 'min_samples_leaf': 10, 'max_depth': 13}",1.0,1.0,0.7700258397932817,0.42344961240310075,0.7005813953488372,0.778811369509044,0.21462894181346837,14,0.9999757869249394,0.9999757869249395,0.999865548026245,0.9998655480262449,1.0,0.9999365339804738,5.863025554863538e-05,Mlc
139,2.093517017364502,0.27445582256251977,0.06145167350769043,0.023047050942638488,75,0.017,7,3,"{'n_estimators': 75, 'min_samples_split': 0.017, 'min_samples_leaf': 7, 'max_depth': 3}",1.0,1.0,0.9108527131782945,0.23158914728682173,0.7272286821705426,0.7739341085271317,0.2888867365277855,15,0.9999757869249395,0.9999273607748183,0.9999731096052491,0.9999193288157471,1.0,0.9999591172241509,3.077874764129494e-05,Mlc
140,1.347173023223877,0.1297017929406762,0.09524092674255372,0.03107931736740805,45,0.003,10,10,"{'n_estimators': 45, 'min_samples_split': 0.003, 'min_samples_leaf': 10, 'max_depth': 10}",1.0,1.0,0.8691860465116279,0.3430232558139535,0.6356589147286822,0.7695736434108527,0.2513935680125859,16,0.9998305084745762,0.9999273607748185,0.9999193288157471,0.9999193288157471,1.0,0.9999193053761777,5.3779926727235954e-05,Mlc
141,0.8801037788391113,0.09250643244851191,0.06571269035339355,0.019827730172802868,25,0.003,9,5,"{'n_estimators': 25, 'min_samples_split': 0.003, 'min_samples_leaf': 9, 'max_depth': 5}",1.0,1.0,0.9402454780361756,0.4127906976744186,0.45930232558139533,0.7624677002583978,0.2678176154220768,17,1.0,0.9998789346246973,0.999865548026245,0.9999731096052489,1.0,0.9999435184512382,5.91716569330581e-05,Mlc
142,0.4692547798156738,0.04587717186789401,0.12065739631652832,0.026543090015299458,10,0.012,10,10,"{'n_estimators': 10, 'min_samples_split': 0.012, 'min_samples_leaf': 10, 'max_depth': 10}",1.0,1.0,0.7981266149870799,0.46511627906976744,0.4883720930232558,0.7503229974160206,0.23533956131239278,18,0.9998789346246973,0.9999757869249395,0.9999193288157471,0.999811767236743,1.0,0.9999171635204254,6.76359364415199e-05,Mlc
143,0.9064685821533203,0.06976680332749925,0.08288989067077637,0.04147758303429872,25,0.017,13,4,"{'n_estimators': 25, 'min_samples_split': 0.017, 'min_samples_leaf': 13, 'max_depth': 4}",1.0,1.0,0.9974160206718347,0.32170542635658916,0.4195736434108527,0.7477390180878554,0.3094533716184782,19,0.9999757869249395,0.9999757869249395,0.9997042056577391,0.9999193288157471,1.0,0.999915021664673,0.00010869047015758739,Mlc
144,0.5244931221008301,0.05521546449506587,0.10925488471984864,0.052218156737839874,10,0.013000000000000001,12,10,"{'n_estimators': 10, 'min_samples_split': 0.013000000000000001, 'min_samples_leaf': 12, 'max_depth': 10}",1.0,1.0,0.7913436692506459,0.43992248062015504,0.48546511627906974,0.743346253229974,0.24191515454254323,20,0.9998789346246973,0.9999757869249395,0.9998655480262449,0.9997042056577391,1.0,0.9998848950467242,0.00010446910827426452,Mlc
145,0.697220754623413,0.020484122324873497,0.09991245269775391,0.07981260199536397,10,0.013000000000000001,10,6,"{'n_estimators': 10, 'min_samples_split': 0.013000000000000001, 'min_samples_leaf': 10, 'max_depth': 6}",1.0,1.0,0.7955426356589146,0.4418604651162791,0.46608527131782945,0.7406976744186047,0.24584507783467036,21,0.9998789346246973,0.999951573849879,0.9998655480262449,0.999865548026245,1.0,0.9999123209054133,5.425581161165852e-05,Mlc
146,1.2798140525817872,0.12904747483817913,0.12954912185668946,0.014578071193126254,45,0.012,11,13,"{'n_estimators': 45, 'min_samples_split': 0.012, 'min_samples_leaf': 11, 'max_depth': 13}",1.0,1.0,0.7422480620155039,0.3294573643410853,0.6167635658914729,0.7376937984496125,0.2525513553083508,22,0.9998789346246972,0.999951573849879,0.9999731096052491,0.999946219210498,1.0,0.9999499674580647,4.025197510558806e-05,Mlc
147,0.6492653846740722,0.13867703851937072,0.141829776763916,0.020330147531129945,15,0.019000000000000003,6,4,"{'n_estimators': 15, 'min_samples_split': 0.019000000000000003, 'min_samples_leaf': 6, 'max_depth': 4}",1.0,1.0,0.7790697674418603,0.40988372093023256,0.42829457364341084,0.7234496124031007,0.26134035302912356,23,0.9999757869249395,0.9999757869249395,0.999973109605249,0.999865548026245,1.0,0.9999580462962747,4.72702999839146e-05,Mlc
148,0.9649575233459473,0.05910112837127898,0.05777683258056641,0.0483779726472929,30,0.006,9,8,"{'n_estimators': 30, 'min_samples_split': 0.006, 'min_samples_leaf': 9, 'max_depth': 8}",1.0,1.0,0.7538759689922481,0.40891472868217055,0.4486434108527132,0.7222868217054264,0.2562537328555971,24,0.9999757869249395,0.9999273607748185,0.999973109605249,0.999865548026245,1.0,0.9999483610662505,4.760306549235461e-05,Mlc
149,2.1682294368743897,0.379455546890528,0.09975109100341797,0.06945728994692113,85,0.004,9,9,"{'n_estimators': 85, 'min_samples_split': 0.004, 'min_samples_leaf': 9, 'max_depth': 9}",1.0,1.0,0.725452196382429,0.2868217054263566,0.34689922480620156,0.6718346253229975,0.3072711614182027,25,0.9999273607748184,0.999951573849879,0.9999731096052491,0.9999731096052491,1.0,0.9999650307670391,2.430431830307118e-05,Mlc
150,1.159937047958374,0.10947468970823991,0.10226974487304688,0.026289032840863834,45,0.013000000000000001,12,10,"{'n_estimators': 45, 'min_samples_split': 0.013000000000000001, 'min_samples_leaf': 12, 'max_depth': 10}",1.0,0.97678916827853,0.975452196382429,0.9896640826873386,0.9883720930232558,0.9860555080743107,0.009067882924642855,1,1.0,1.0000000000000002,1.0,1.0,0.9999999999999999,1.0,1.1102230246251565e-16,MetJ
151,1.9292525768280029,0.16799732051963462,0.08229851722717285,0.033826626067436666,75,0.003,10,9,"{'n_estimators': 75, 'min_samples_split': 0.003, 'min_samples_leaf': 10, 'max_depth': 9}",1.0,1.0,0.8921188630490957,1.0,0.9961240310077519,0.9776485788113696,0.042791196991182286,2,1.0,1.0,1.0,1.0,1.0,1.0,0.0,MetJ
152,1.8799305438995362,0.15721387254610802,0.06980452537536622,0.03599707735488699,75,0.006,10,12,"{'n_estimators': 75, 'min_samples_split': 0.006, 'min_samples_leaf': 10, 'max_depth': 12}",0.9999999999999999,0.9545454545454545,0.9728682170542635,0.9754521963824289,0.9815891472868218,0.9768910030537936,0.014653837784472868,3,1.0,1.0,1.0,0.9999999999999999,1.0,1.0,4.965068306494546e-17,MetJ
153,2.299305295944214,0.17412100068268305,0.1064950942993164,0.0497780750600285,85,0.019000000000000003,7,13,"{'n_estimators': 85, 'min_samples_split': 0.019000000000000003, 'min_samples_leaf': 7, 'max_depth': 13}",1.0,0.9961315280464217,0.9063307493540051,0.9922480620155039,0.9815891472868217,0.9752598973405504,0.03500737703393141,4,1.0,1.0,1.0,1.0,1.0,1.0,0.0,MetJ
154,1.074898624420166,0.13105363767560854,0.12227702140808105,0.028568679081803647,40,0.008,10,3,"{'n_estimators': 40, 'min_samples_split': 0.008, 'min_samples_leaf': 10, 'max_depth': 3}",1.0,0.9700193423597679,0.9437984496124031,0.9683462532299741,0.9709302325581396,0.970618855552057,0.01782249655273186,5,1.0,1.0,1.0,1.0,1.0,1.0,0.0,MetJ
155,2.4111822605133058,0.425583130712981,0.10373320579528808,0.05976419616156011,85,0.015,14,7,"{'n_estimators': 85, 'min_samples_split': 0.015, 'min_samples_leaf': 14, 'max_depth': 7}",1.0,0.9980657640232108,0.8785529715762274,0.9612403100775193,0.997093023255814,0.9669904137865544,0.04650961652936327,6,1.0,1.0,1.0,0.9999999999999999,1.0,1.0,4.965068306494546e-17,MetJ
156,1.5622634410858154,0.22545354355850097,0.18877525329589845,0.13946867726525022,45,0.004,14,13,"{'n_estimators': 45, 'min_samples_split': 0.004, 'min_samples_leaf': 14, 'max_depth': 13}",1.0,0.9632495164410059,0.8746770025839793,0.9909560723514211,0.9854651162790699,0.9628695415310953,0.045729973681807895,7,1.0,1.0,1.0,0.9999999999999999,1.0,1.0,4.965068306494546e-17,MetJ
157,1.9631155014038086,0.22236040092326995,0.11268749237060546,0.041876705744732276,80,0.007,13,9,"{'n_estimators': 80, 'min_samples_split': 0.007, 'min_samples_leaf': 13, 'max_depth': 9}",1.0,0.9622823984526112,0.8572351421188631,0.9948320413436692,0.9544573643410853,0.9537613892512458,0.05141053579154557,8,1.0,1.0,1.0,1.0,1.0,1.0,0.0,MetJ
158,2.0976080894470215,0.19453761371092498,0.10759124755859376,0.045186204483531674,85,0.019000000000000003,12,8,"{'n_estimators': 85, 'min_samples_split': 0.019000000000000003, 'min_samples_leaf': 12, 'max_depth': 8}",1.0,0.8597678916827853,0.9295865633074936,0.9844961240310077,0.9941860465116279,0.953607325106583,0.05317117090366926,9,1.0,0.9999999999999999,1.0,1.0,0.9999999999999999,1.0,7.021666937153402e-17,MetJ
159,1.7070168018341065,0.0587868602461591,0.19789843559265136,0.0821865794556786,30,0.017,9,10,"{'n_estimators': 30, 'min_samples_split': 0.017, 'min_samples_leaf': 9, 'max_depth': 10}",1.0,0.9854932301740813,0.7958656330749354,0.9877260981912144,0.9864341085271318,0.9511038139934727,0.07779689348273464,10,0.9999999999999999,1.0,1.0,1.0,1.0,1.0,4.965068306494546e-17,MetJ
160,2.2073439598083495,0.2782253210128528,0.11170797348022461,0.031089612165155853,90,0.006,13,7,"{'n_estimators': 90, 'min_samples_split': 0.006, 'min_samples_leaf': 13, 'max_depth': 7}",1.0,0.95357833655706,0.8126614987080103,0.9916020671834626,0.9835271317829457,0.9482738068462957,0.06959104867029137,11,1.0,1.0,1.0,1.0,1.0,1.0,0.0,MetJ
161,2.072986936569214,0.31070049866152183,0.21809110641479493,0.10450547905962672,50,0.003,10,7,"{'n_estimators': 50, 'min_samples_split': 0.003, 'min_samples_leaf': 10, 'max_depth': 7}",1.0,0.9622823984526112,0.8197674418604652,0.9651162790697674,0.9825581395348837,0.9459448517835455,0.06452548290236498,12,1.0,1.0,1.0,1.0,1.0,1.0,0.0,MetJ
162,1.7110780715942382,0.1557040803950867,0.09289813041687012,0.012374182406251884,65,0.015,9,8,"{'n_estimators': 65, 'min_samples_split': 0.015, 'min_samples_leaf': 9, 'max_depth': 8}",1.0,0.9622823984526112,0.8591731266149871,0.998062015503876,0.877906976744186,0.9394849034631321,0.059757682855354675,13,1.0,1.0,1.0,1.0,1.0,1.0,0.0,MetJ
163,1.7818403720855713,0.17341911692715017,0.0862436294555664,0.045851243636084026,70,0.001,12,4,"{'n_estimators': 70, 'min_samples_split': 0.001, 'min_samples_leaf': 12, 'max_depth': 4}",1.0,1.0,0.8049095607235142,0.9534883720930232,0.935077519379845,0.9386950904392763,0.07161994112854494,14,1.0,1.0,1.0,1.0,1.0,1.0,0.0,MetJ
164,1.9311124324798583,0.30166141855313516,0.11883869171142578,0.05131702915486595,55,0.018000000000000002,10,4,"{'n_estimators': 55, 'min_samples_split': 0.018000000000000002, 'min_samples_leaf': 10, 'max_depth': 4}",1.0,0.9390715667311413,0.8397932816537468,0.9127906976744187,0.9941860465116279,0.9371683185141869,0.05878542346446056,15,1.0,1.0,1.0,1.0,1.0,1.0,0.0,MetJ
165,0.6166059017181397,0.0464899604274169,0.06191248893737793,0.029105371887312964,15,0.001,14,4,"{'n_estimators': 15, 'min_samples_split': 0.001, 'min_samples_leaf': 14, 'max_depth': 4}",1.0,0.9970986460348162,0.7335271317829457,0.9667312661498707,0.9772286821705426,0.9349171452276351,0.10145211579038856,16,1.0,1.0,1.0,1.0,1.0,1.0,0.0,MetJ
166,1.123373031616211,0.1780731086708399,0.07795143127441406,0.03339909171890367,40,0.006,14,11,"{'n_estimators': 40, 'min_samples_split': 0.006, 'min_samples_leaf': 14, 'max_depth': 11}",1.0,0.9134429400386848,0.7616279069767442,0.9948320413436693,0.999031007751938,0.9337867792222074,0.09210871085325335,17,1.0,1.0,1.0,0.9999999999999999,0.9999999999999999,1.0,7.021666937153402e-17,MetJ
167,0.6982502460479736,0.06540494886260789,0.053936767578125,0.019959009770153108,20,0.019000000000000003,10,14,"{'n_estimators': 20, 'min_samples_split': 0.019000000000000003, 'min_samples_leaf': 10, 'max_depth': 14}",1.0,0.8771760154738878,0.9366925064599484,0.9954780361757105,0.8551356589147288,0.9328964434048551,0.05930473648791172,18,1.0,1.0,1.0,1.0,0.9999999999999999,1.0,4.965068306494546e-17,MetJ
168,1.6834075927734375,0.2290907307472833,0.09999027252197265,0.05465441171322261,55,0.017,12,9,"{'n_estimators': 55, 'min_samples_split': 0.017, 'min_samples_leaf': 12, 'max_depth': 9}",1.0,0.9061895551257254,0.7541989664082687,0.9909560723514212,0.9738372093023256,0.9250363606375481,0.09152824241113462,19,0.9999999999999999,1.0,1.0,1.0,1.0,1.0,4.965068306494546e-17,MetJ
169,1.3170777320861817,0.2099894783208396,0.14062414169311524,0.05001907758863052,30,0.013000000000000001,13,6,"{'n_estimators': 30, 'min_samples_split': 0.013000000000000001, 'min_samples_leaf': 13, 'max_depth': 6}",1.0,0.9206963249516442,0.787467700258398,0.9198966408268734,0.9796511627906976,0.9215423657655226,0.07417772278503004,20,1.0,1.0,1.0,1.0,1.0,1.0,0.0,MetJ
170,1.8482231616973877,0.17454971397967847,0.07052469253540039,0.039745478729789625,70,0.013000000000000001,9,5,"{'n_estimators': 70, 'min_samples_split': 0.013000000000000001, 'min_samples_leaf': 9, 'max_depth': 5}",1.0,0.9990328820116054,0.7936046511627907,1.0,0.809593023255814,0.920446111286042,0.09717066026752494,21,1.0,1.0,1.0,1.0,1.0,1.0,0.0,MetJ
171,2.06209077835083,0.21585320649211812,0.06527915000915527,0.02164292178140381,70,0.010000000000000002,8,4,"{'n_estimators': 70, 'min_samples_split': 0.010000000000000002, 'min_samples_leaf': 8, 'max_depth': 4}",1.0,0.5836557059961316,0.9521963824289407,0.9715762273901808,0.9186046511627907,0.8852065933956087,0.15308379382871326,22,1.0,1.0,1.0000000000000002,1.0,1.0,1.0,9.930136612989092e-17,MetJ
172,1.6052367687225342,0.2104808761487139,0.14124436378479005,0.06782984018153972,55,0.014000000000000002,14,6,"{'n_estimators': 55, 'min_samples_split': 0.014000000000000002, 'min_samples_leaf': 14, 'max_depth': 6}",1.0,0.6610251450676983,0.79328165374677,0.9974160206718347,0.9738372093023255,0.8851120057577256,0.13589064678280088,23,1.0,1.0,1.0,1.0,1.0,1.0,0.0,MetJ
173,1.9870325565338134,0.3111824976115746,0.07157502174377442,0.027234807465204795,85,0.013000000000000001,11,6,"{'n_estimators': 85, 'min_samples_split': 0.013000000000000001, 'min_samples_leaf': 11, 'max_depth': 6}",1.0,0.730174081237911,0.6824935400516796,0.9928940568475452,1.0,0.8811123356274271,0.14352385813722965,24,1.0,1.0,1.0,1.0,1.0,1.0,0.0,MetJ
174,0.5629020214080811,0.06575517065728252,0.07297148704528808,0.025650088260095755,15,0.009000000000000001,11,9,"{'n_estimators': 15, 'min_samples_split': 0.009000000000000001, 'min_samples_leaf': 11, 'max_depth': 9}",1.0,0.9197292069632496,0.9767441860465116,0.9993540051679586,0.4253875968992248,0.8642429990153889,0.22136587253787807,25,1.0,1.0,1.0,1.0,1.0,1.0,0.0,MetJ
175,1.6198514461517335,0.05072345663583805,0.06990699768066407,0.02809586757974757,55,0.003,13,7,"{'n_estimators': 55, 'min_samples_split': 0.003, 'min_samples_leaf': 13, 'max_depth': 7}",0.86626213592233,0.8621359223300971,0.8640776699029126,0.9446601941747573,0.7268968871595332,0.852806561897926,0.07026444800784373,1,0.9991197183098591,0.9989224137931034,0.9989983001457018,0.9990741864983003,0.9995600728155339,0.9991349383124998,0.00022293426701589994,Nac
176,1.5093934059143066,0.05493903417372602,0.04957404136657715,0.02548051629558886,50,0.002,5,8,"{'n_estimators': 50, 'min_samples_split': 0.002, 'min_samples_leaf': 5, 'max_depth': 8}",0.9140776699029126,0.9956310679611651,0.854126213592233,0.8922330097087379,0.5469357976653697,0.8406007517660836,0.1539618068764296,2,0.9996661000485673,0.9996509227780477,0.999772340942205,0.9994687955318116,0.9996510922330097,0.9996418503067283,9.770520353091746e-05,Nac
177,1.3731917858123779,0.06616471327648817,0.10064034461975098,0.025003927436233465,45,0.007,5,8,"{'n_estimators': 45, 'min_samples_split': 0.007, 'min_samples_leaf': 5, 'max_depth': 8}",0.9657766990291262,0.9660194174757282,0.7529126213592233,0.8021844660194175,0.6169747081712063,0.8207735824109402,0.13312167581360893,3,0.9992866682855756,0.9994384409907722,0.9999848227294803,0.9993625546381739,0.9995904126213592,0.9995325798530722,0.0002474313830032967,Nac
178,1.8056662559509278,0.13228356501624852,0.08419389724731445,0.03604538803481955,55,0.006,8,8,"{'n_estimators': 55, 'min_samples_split': 0.006, 'min_samples_leaf': 8, 'max_depth': 8}",0.8233009708737864,0.9432038834951456,0.7861650485436894,0.6907766990291262,0.8341439688715954,0.8155181141626686,0.08140414500871714,4,0.9991804273919379,0.9991348955803787,0.9998937591063624,0.9990893637688197,0.9996510922330096,0.9993899076161016,0.0003229004289763532,Nac
179,1.4079240322113038,0.08819066253080766,0.04666595458984375,0.019912726002405356,45,0.015,5,7,"{'n_estimators': 45, 'min_samples_split': 0.015, 'min_samples_leaf': 5, 'max_depth': 7}",0.5776699029126213,0.912621359223301,0.8441747572815534,0.8750000000000001,0.7631322957198443,0.794519663027464,0.11907956076279211,5,0.9993777319086936,0.9988313501699855,0.9989072365225837,0.9994687955318116,0.9995600728155339,0.9992290373897216,0.000300296321204785,Nac
180,1.6328521728515626,0.04471406040586853,0.056617450714111325,0.02321102162503032,50,0.007,13,6,"{'n_estimators': 50, 'min_samples_split': 0.007, 'min_samples_leaf': 13, 'max_depth': 6}",0.795873786407767,0.9791262135922331,0.6194174757281553,0.9101941747572816,0.6208657587548638,0.7850954818480602,0.14685665346663176,6,0.9985429820301117,0.9988465274405051,0.9991652501214181,0.9973591549295774,0.999681432038835,0.9987190693120895,0.0007774109293776278,Nac
181,0.8139224529266358,0.038851112771561794,0.08187265396118164,0.040359629322380214,25,0.006,11,4,"{'n_estimators': 25, 'min_samples_split': 0.006, 'min_samples_leaf': 11, 'max_depth': 4}",0.7288834951456311,0.8975728155339806,0.8587378640776699,0.7648058252427185,0.6680447470817121,0.7836089494163424,0.08406620520010619,7,0.998664400194269,0.9978903593977659,0.9988161728994658,0.9981028411850412,0.9995600728155339,0.9986067692984152,0.0005870511857134389,Nac
182,1.4235252857208252,0.04296405838827229,0.08783416748046875,0.03559196044865229,45,0.002,12,12,"{'n_estimators': 45, 'min_samples_split': 0.002, 'min_samples_leaf': 12, 'max_depth': 12}",0.9536407766990292,0.9553398058252427,0.4388349514563107,0.7060679611650486,0.8261186770428015,0.7760004344376865,0.19225069742517378,8,0.9994536182612919,0.9983760320543954,0.9998026954832443,0.9985885138416707,0.9996207524271845,0.9991683224135575,0.0005748769994987602,Nac
183,2.5979534149169923,0.187343157322031,0.11317720413208007,0.026960572474850706,90,0.009000000000000001,14,8,"{'n_estimators': 90, 'min_samples_split': 0.009000000000000001, 'min_samples_leaf': 14, 'max_depth': 8}",0.8492718446601941,0.9262135922330097,0.42621359223300975,0.862378640776699,0.7920719844357977,0.771229930867742,0.17770156332373085,9,0.9991804273919378,0.9989072365225837,0.9990590092277805,0.9990741864983,0.999635922330097,0.9991713563941398,0.0002480834427567194,Nac
184,0.8694912433624268,0.0533393397401697,0.0893749713897705,0.028720032946582614,25,0.007,9,5,"{'n_estimators': 25, 'min_samples_split': 0.007, 'min_samples_leaf': 9, 'max_depth': 5}",0.7007281553398059,0.9990291262135922,0.6087378640776699,0.8162621359223301,0.7208171206225682,0.7691148804351933,0.132524434924093,10,0.9996053909664886,0.9987858183584264,0.998254613890238,0.9984670956775133,0.9995904126213593,0.9989406663028051,0.000562662259759899,Nac
185,2.1900907516479493,0.02293913993794059,0.07500934600830078,0.03396780614067091,75,0.004,8,6,"{'n_estimators': 75, 'min_samples_split': 0.004, 'min_samples_leaf': 8, 'max_depth': 6}",0.8725728155339806,0.9427184466019416,0.6567961165048544,0.7645631067961165,0.5919260700389105,0.7657153110951608,0.13024289237112283,11,0.9991956046624575,0.9986795774647887,0.999817872753764,0.9993018455560951,0.999681432038835,0.999335266495188,0.0004008216250908938,Nac
186,1.879714345932007,0.04283898812485453,0.060407257080078124,0.017762335382112096,65,0.002,10,4,"{'n_estimators': 65, 'min_samples_split': 0.002, 'min_samples_leaf': 10, 'max_depth': 4}",0.7599514563106796,0.9533980582524273,0.6567961165048544,0.8820388349514563,0.5656614785992218,0.7635691889237279,0.141881003273491,12,0.998300145701797,0.9992259592034969,0.9996205682370083,0.9990286546867411,0.9995449029126213,0.9991440461483329,0.00047327631424979775,Nac
187,0.6480257987976075,0.03255994018909602,0.03943452835083008,0.02295345187687438,15,0.017,14,6,"{'n_estimators': 15, 'min_samples_split': 0.017, 'min_samples_leaf': 14, 'max_depth': 6}",0.8740291262135922,0.9990291262135923,0.3866504854368932,0.8004854368932038,0.7568093385214008,0.7634007026557365,0.20548423387516485,13,0.9992563137445363,0.9992866682855756,0.9985581593006314,0.9984519184069935,0.9995297330097088,0.9990165585494891,0.00042959008637846833,Nac
188,1.993384599685669,0.09884119675335816,0.10215473175048828,0.06548987752078123,65,0.015,13,13,"{'n_estimators': 65, 'min_samples_split': 0.015, 'min_samples_leaf': 13, 'max_depth': 13}",0.7230582524271845,0.9631067961165048,0.6223300970873786,0.8864077669902912,0.6145428015564203,0.7618891428355559,0.14049123911595107,14,0.9988161728994658,0.9986795774647887,0.999954468188441,0.998709932005828,0.9995904126213592,0.9991501126359765,0.0005229780136892819,Nac
189,1.22383451461792,0.07531902988404879,0.08113322257995606,0.014620082531372175,40,0.019000000000000003,10,10,"{'n_estimators': 40, 'min_samples_split': 0.019000000000000003, 'min_samples_leaf': 10, 'max_depth': 10}",0.7298543689320389,0.7723300970873785,0.8689320388349515,0.6766990291262137,0.6950389105058365,0.7485708888972837,0.06845852970259023,15,0.9984974502185527,0.9982394366197183,0.9998026954832442,0.9984670956775135,0.9996207524271845,0.9989254860852427,0.000650675334156268,Nac
190,2.3977975368499758,0.06344666789941772,0.10089969635009766,0.0336893752931273,85,0.018000000000000002,11,10,"{'n_estimators': 85, 'min_samples_split': 0.018000000000000002, 'min_samples_leaf': 11, 'max_depth': 10}",0.895873786407767,0.9859223300970874,0.3657766990291262,0.8427184466019417,0.6179474708171206,0.7416477465906086,0.22371939233206023,16,0.9995598591549295,0.9988009956289462,0.9988161728994658,0.9988009956289461,0.9995449029126213,0.9991045852449819,0.0003656963145808261,Nac
191,1.929600763320923,0.057001910893251954,0.09283595085144043,0.025869907610988063,65,0.003,6,13,"{'n_estimators': 65, 'min_samples_split': 0.003, 'min_samples_leaf': 6, 'max_depth': 13}",0.8400485436893204,0.920388349514563,0.48082524271844657,0.8980582524271845,0.560068093385214,0.7398776963469458,0.18279991790717195,17,0.9989072365225837,0.999317022826615,0.9999392909179213,0.9993473773676542,0.9997117718446603,0.999444539895887,0.00035513027554985,Nac
192,1.693383550643921,0.14922252354077217,0.08397059440612793,0.0453478336952203,40,0.016,10,4,"{'n_estimators': 40, 'min_samples_split': 0.016, 'min_samples_leaf': 10, 'max_depth': 4}",0.8063106796116505,0.9791262135922331,0.4385922330097088,0.891747572815534,0.5615272373540856,0.7354607872766424,0.20356911595854718,18,0.9981483729966003,0.9991197183098591,0.9994991500728511,0.9981180184555609,0.9996662621359224,0.9989103043941588,0.0006588356383531652,Nac
193,1.9753266811370849,0.05218614172408355,0.12995495796203613,0.03593120129843984,60,0.014000000000000002,12,7,"{'n_estimators': 60, 'min_samples_split': 0.014000000000000002, 'min_samples_leaf': 12, 'max_depth': 7}",0.8609223300970874,0.8266990291262135,0.5660194174757281,0.662621359223301,0.7310311284046693,0.7294586528653999,0.107629428477628,19,0.9991804273919378,0.9994384409907722,0.999772340942205,0.9994384409907722,0.9995600728155339,0.9994779446262442,0.0001923807731909079,Nac
194,0.8798707962036133,0.138711302597306,0.02711825370788574,0.01982176100872844,30,0.003,10,11,"{'n_estimators': 30, 'min_samples_split': 0.003, 'min_samples_leaf': 10, 'max_depth': 11}",0.8871359223300971,0.7847087378640777,0.6844660194174758,0.6432038834951456,0.6089494163424123,0.7216927958898417,0.10158725207074766,20,0.9994232637202525,0.9985885138416708,0.9996205682370083,0.9993322000971345,0.9995904126213593,0.999310991703485,0.00037654820195450416,Nac
195,1.8891933917999268,0.07785851949826834,0.08177404403686524,0.03457365864485463,65,0.013000000000000001,7,4,"{'n_estimators': 65, 'min_samples_split': 0.013000000000000001, 'min_samples_leaf': 7, 'max_depth': 4}",0.7004854368932039,0.9597087378640776,0.47572815533980584,0.7820388349514564,0.6466439688715953,0.7129210267840278,0.15905294484002205,21,0.9977234094220496,0.9991348955803788,0.9993777319086935,0.9971011413307431,0.9997117718446602,0.998609790017305,0.0010140538415539567,Nac
196,0.5423316478729248,0.04586889305414135,0.061770963668823245,0.03762857805240018,10,0.009000000000000001,6,14,"{'n_estimators': 10, 'min_samples_split': 0.009000000000000001, 'min_samples_leaf': 6, 'max_depth': 14}",0.6936893203883495,0.8364077669902912,0.3640776699029126,0.9631067961165048,0.688715953307393,0.7091995013410903,0.20020992841421445,22,0.9992714910150559,0.9989224137931034,0.999863404565323,0.9988313501699855,0.9977396844660193,0.9989256688018975,0.0006948966555506262,Nac
197,0.625980806350708,0.02306332432699953,0.08885254859924316,0.022709819479665015,15,0.015,8,8,"{'n_estimators': 15, 'min_samples_split': 0.015, 'min_samples_leaf': 8, 'max_depth': 8}",0.7565533980582524,0.8106796116504855,0.520873786407767,0.6839805825242719,0.6575875486381323,0.6859349854557818,0.09859084973674465,23,0.9988465274405052,0.9984670956775132,0.999681277319087,0.9989375910636231,0.999560072815534,0.9990985128632526,0.0004562306745176559,Nac
198,0.5937830924987793,0.03304850341200089,0.047269582748413086,0.03316837477550945,15,0.002,9,5,"{'n_estimators': 15, 'min_samples_split': 0.002, 'min_samples_leaf': 9, 'max_depth': 5}",0.7995145631067961,0.8041262135922329,0.3087378640776699,0.8050970873786408,0.629863813229572,0.6694679082769823,0.19242396679164056,24,0.9990893637688198,0.99816355026712,0.9977537639630889,0.9987402865468674,0.9997421116504854,0.9986978152392763,0.0006960374889278178,Nac
199,1.1018484115600586,0.05694932931828864,0.10489797592163086,0.029118678613806306,35,0.008,10,6,"{'n_estimators': 35, 'min_samples_split': 0.008, 'min_samples_leaf': 10, 'max_depth': 6}",0.7504854368932039,1.0,0.3441747572815534,0.6315533980582525,0.5911964980544746,0.6634820180574968,0.2140166848734725,25,0.9994232637202526,0.9992563137445362,0.999863404565323,0.9982849684312773,0.999681432038835,0.9993018765000448,0.00054959785613938,Nac
200,2.404560661315918,0.2987053327986177,0.060690784454345705,0.04574510161407502,90,0.006,12,8,"{'n_estimators': 90, 'min_samples_split': 0.006, 'min_samples_leaf': 12, 'max_depth': 8}",0.9906330749354004,0.8417312661498707,1.0,0.9223300970873787,0.976051779935275,0.9461492436215849,0.05872536530286784,1,0.9991792882190554,0.999962694919048,0.9993285085428634,0.9989497495556633,0.9990305380513815,0.9992901558576023,0.0003603745847366643,NagC
201,2.662234592437744,0.19123034698568794,0.11320075988769532,0.030030243963862748,80,0.017,5,10,"{'n_estimators': 80, 'min_samples_split': 0.017, 'min_samples_leaf': 5, 'max_depth': 10}",0.920219638242894,0.8591731266149871,1.0,0.9752427184466019,0.941747572815534,0.9392766112240034,0.04851130369323163,2,0.9992538983809596,0.999850779676192,0.9994031187047676,0.9991517207949587,0.9990305380513814,0.9993380111216519,0.0002840736931896535,NagC
202,1.4943807125091553,0.29518360106369024,0.05287003517150879,0.028611403474165853,35,0.015,10,6,"{'n_estimators': 35, 'min_samples_split': 0.015, 'min_samples_leaf': 10, 'max_depth': 6}",0.91828165374677,0.8708010335917313,1.0,0.904126213592233,0.9556634304207119,0.9297744662702894,0.044428926206774785,3,0.9991792882190553,0.999962694919048,0.9991233305976274,0.9991719179188883,0.9990491815503934,0.9992972826410025,0.00033592438479245536,NagC
203,1.9476146697998047,0.12594077699910897,0.09021849632263183,0.02039629529937214,65,0.019000000000000003,13,14,"{'n_estimators': 65, 'min_samples_split': 0.019000000000000003, 'min_samples_leaf': 13, 'max_depth': 14}",0.9815891472868217,0.8830749354005168,1.0,0.9922330097087378,0.7559870550161811,0.9225768294824516,0.09342519683911131,4,0.9991792882190554,0.9998507796761918,0.9994217712452436,0.999010340927452,0.9990305380513815,0.9992985436238648,0.0003128128312068944,NagC
204,2.1182952404022215,0.09821891714610086,0.1444868564605713,0.019565342280331324,65,0.004,11,6,"{'n_estimators': 65, 'min_samples_split': 0.004, 'min_samples_leaf': 11, 'max_depth': 6}",0.9673772609819122,0.9683462532299741,1.0,0.925242718446602,0.7414239482200646,0.9204780361757106,0.0926258223527533,5,0.9991792882190553,0.999925389838096,0.99981347459524,0.9991719179188884,0.9990678250494053,0.9994315791241369,0.0003614096958443834,NagC
205,1.896527147293091,0.0707754989145711,0.08233904838562012,0.02631997755153167,60,0.006,10,12,"{'n_estimators': 60, 'min_samples_split': 0.006, 'min_samples_leaf': 10, 'max_depth': 12}",0.916343669250646,0.919250645994832,1.0,0.9898058252427185,0.7744336569579288,0.9199667594892251,0.08059322332029521,6,0.9991792882190553,1.0,0.9998880847571439,0.9990103409274519,0.9990678250494053,0.9994291077906112,0.0004254123866683383,NagC
206,1.3102283954620362,0.04969976838283451,0.08248920440673828,0.0457599980798702,35,0.016,12,13,"{'n_estimators': 35, 'min_samples_split': 0.016, 'min_samples_leaf': 12, 'max_depth': 13}",0.9563953488372093,0.9302325581395349,1.0,0.7805825242718446,0.9320388349514563,0.9198498532400091,0.07404239330034199,7,0.9991792882190556,0.999925389838096,0.9997575169738119,0.9990911294231701,0.9990864685484171,0.9994079586005101,0.0003594309019932183,NagC
207,1.4161810874938965,0.06993375073280408,0.08741345405578613,0.03332327244318389,45,0.012,14,3,"{'n_estimators': 45, 'min_samples_split': 0.012, 'min_samples_leaf': 14, 'max_depth': 3}",0.7800387596899224,0.9198966408268734,1.0,0.9592233009708738,0.9249190938511327,0.9168155590677604,0.07416349637843046,8,0.9991792882190554,0.9998507796761918,0.9998134745952398,0.9991113265470998,0.999123755546441,0.9994157249168054,0.00034096458558415096,NagC
208,2.2453167915344237,0.1374055607329137,0.10281887054443359,0.05051177163286451,80,0.008,9,3,"{'n_estimators': 80, 'min_samples_split': 0.008, 'min_samples_leaf': 9, 'max_depth': 3}",0.9460594315245477,0.8443152454780362,1.0,0.8878640776699028,0.8996763754045307,0.9155830260154035,0.05320807262668534,9,0.9991792882190554,0.999981347459524,0.9995150339476238,0.9992931006624657,0.999123755546441,0.9994185051670218,0.00031174913905367873,NagC
209,1.1937073707580566,0.09635212992406066,0.08956346511840821,0.04224371942338635,35,0.017,8,4,"{'n_estimators': 35, 'min_samples_split': 0.017, 'min_samples_leaf': 8, 'max_depth': 4}",0.9247416020671835,0.9018087855297158,1.0,0.8415048543689321,0.7631067961165048,0.8862324076164672,0.07978611020677202,10,0.9991792882190554,0.9999253898380959,0.9994777288666717,0.9991315236710292,0.9990491815503934,0.9993526224290491,0.00032084884341141687,NagC
210,2.3334235668182375,0.1079457664775134,0.08382945060729981,0.014674883924792562,80,0.018000000000000002,14,7,"{'n_estimators': 80, 'min_samples_split': 0.018000000000000002, 'min_samples_leaf': 14, 'max_depth': 7}",0.9421834625322998,0.9941860465116279,1.0,0.7927184466019418,0.6902912621359223,0.8838758435563584,0.12234181639950764,11,0.9991792882190554,0.9999067372976199,0.9995523390285757,0.9991517207949588,0.999105112047429,0.9993790394775278,0.0003082558383518667,NagC
211,2.449399948120117,0.14938638946824456,0.07187309265136718,0.023442318559410303,80,0.012,11,10,"{'n_estimators': 80, 'min_samples_split': 0.012, 'min_samples_leaf': 11, 'max_depth': 10}",0.9234496124031006,0.6847545219638242,1.0,0.9718446601941748,0.8067961165048545,0.8773689822131908,0.11676326854241124,12,0.9991792882190553,0.999981347459524,0.9994777288666716,0.9990305380513815,0.9990678250494054,0.9993473455292076,0.0003537513811886064,NagC
212,2.1797523498535156,0.1378120054070358,0.11155104637145996,0.02502138798068907,75,0.016,9,13,"{'n_estimators': 75, 'min_samples_split': 0.016, 'min_samples_leaf': 9, 'max_depth': 13}",0.8853359173126616,0.7112403100775193,1.0,0.9572815533980583,0.8058252427184466,0.8719366047013372,0.10397840771139093,13,0.9991792882190553,0.9999253898380959,0.9995896441095277,0.9990305380513813,0.9991796860434767,0.9993809092523074,0.0003298275756147293,NagC
213,2.2133555889129637,0.14893557485849704,0.09717497825622559,0.04404593936393063,70,0.018000000000000002,11,9,"{'n_estimators': 70, 'min_samples_split': 0.018000000000000002, 'min_samples_leaf': 11, 'max_depth': 9}",0.9796511627906976,0.7041343669250646,1.0,0.912621359223301,0.7443365695792881,0.8681486917036703,0.12167623188758242,14,0.9991792882190554,1.0,0.9998880847571439,0.9992123121667474,0.9991796860434765,0.9994918742372846,0.0003710797771937436,NagC
214,1.7761932849884032,0.06409374585390859,0.08924369812011719,0.023859539862081988,60,0.012,14,8,"{'n_estimators': 60, 'min_samples_split': 0.012, 'min_samples_leaf': 14, 'max_depth': 8}",0.8084625322997415,0.9379844961240309,1.0,0.9055825242718446,0.6621359223300971,0.8628330950051428,0.11791990487384901,15,0.9991792882190554,1.0,0.9996082966500037,0.999010340927452,0.9991423990454529,0.9993880649683927,0.00036594573487218736,NagC
215,1.0414861202239991,0.06565344106476972,0.08135380744934081,0.033257029745731886,30,0.018000000000000002,7,4,"{'n_estimators': 30, 'min_samples_split': 0.018000000000000002, 'min_samples_leaf': 7, 'max_depth': 4}",0.9647932816537468,0.5801033591731266,1.0,0.9660194174757282,0.7731391585760516,0.8568110433757307,0.15978600493093315,16,0.9991792882190553,0.999925389838096,0.9993098560023875,0.9989699466795927,0.9991796860434765,0.9993128333565217,0.00032507478883597534,NagC
216,2.326185369491577,0.16107209637951145,0.06552534103393555,0.026023945038109494,80,0.008,14,13,"{'n_estimators': 80, 'min_samples_split': 0.008, 'min_samples_leaf': 14, 'max_depth': 13}",0.9848191214470284,0.9463824289405685,1.0,0.779126213592233,0.5605177993527508,0.8541691126665162,0.16655443476860637,17,0.9991792882190554,1.0,0.9996456017309558,0.9991315236710293,0.9989932510533577,0.9993899329348797,0.00037577956738166544,NagC
217,1.6078024864196778,0.10376863975408006,0.07933039665222168,0.025113952954746548,50,0.014000000000000002,12,6,"{'n_estimators': 50, 'min_samples_split': 0.014000000000000002, 'min_samples_leaf': 12, 'max_depth': 6}",0.9925710594315246,0.7603359173126616,1.0,0.7128640776699029,0.7776699029126213,0.8486881914653421,0.12238909644361888,18,0.9991792882190554,1.0,0.9995709915690517,0.9990507351753111,0.999105112047429,0.9993812254021694,0.00035920306280779027,NagC
218,1.0277990818023681,0.06343078092930672,0.07240347862243653,0.04398814057685239,30,0.011,11,10,"{'n_estimators': 30, 'min_samples_split': 0.011, 'min_samples_leaf': 11, 'max_depth': 10}",0.7348191214470283,0.6915374677002584,1.0,0.8402912621359223,0.8142394822006472,0.8161774666967713,0.10632992462710784,19,0.9991792882190554,0.9998134745952398,0.9993844661642916,0.9990911294231701,0.9991423990454529,0.9993221514894419,0.0002650937808559708,NagC
219,0.5970252513885498,0.054952389416278044,0.06986856460571289,0.011400872261970327,15,0.015,7,3,"{'n_estimators': 15, 'min_samples_split': 0.015, 'min_samples_leaf': 7, 'max_depth': 3}",0.9802971576227391,0.7732558139534882,1.0,0.8934466019417475,0.35825242718446604,0.8010504001404882,0.23541027391969468,20,0.9991792882190554,0.999888084757144,0.9996829068119077,0.9991719179188884,0.999105112047429,0.999405461950885,0.0003180590701068525,NagC
220,1.7511799335479736,0.11797779010086522,0.08235840797424317,0.023598959316238555,60,0.005,7,3,"{'n_estimators': 60, 'min_samples_split': 0.005, 'min_samples_leaf': 7, 'max_depth': 3}",0.7005813953488372,0.8520671834625323,1.0,0.9805825242718447,0.40582524271844655,0.7878112691603322,0.21901416031729948,21,0.9991792882190553,0.9997948220547639,0.9995896441095278,0.9989699466795928,0.9991423990454528,0.9993352200216785,0.00030688268627426774,NagC
221,0.889696455001831,0.05421282288488881,0.07351450920104981,0.03533754190244979,25,0.004,9,13,"{'n_estimators': 25, 'min_samples_split': 0.004, 'min_samples_leaf': 9, 'max_depth': 13}",0.9731912144702842,0.7474160206718347,1.0,0.7970873786407767,0.4087378640776699,0.785286495572113,0.21202470514476174,22,0.9991792882190553,0.999962694919048,0.9995709915690517,0.9990911294231701,0.9990118945523695,0.9993631997365389,0.0003560429619061805,NagC
222,0.7650373458862305,0.043654459123175726,0.08257646560668945,0.021354312627035812,20,0.011,11,4,"{'n_estimators': 20, 'min_samples_split': 0.011, 'min_samples_leaf': 11, 'max_depth': 4}",0.9512273901808785,0.7202842377260981,1.0,0.7924757281553398,0.3679611650485437,0.7663897042221721,0.2237365575660212,23,0.9991792882190554,0.9999626949190479,0.9996456017309558,0.9990507351753111,0.9989932510533577,0.9993663142195455,0.00037614264229253236,NagC
223,2.4879862785339357,0.08943800065724591,0.09185276031494141,0.018371782183200437,85,0.007,9,8,"{'n_estimators': 85, 'min_samples_split': 0.007, 'min_samples_leaf': 9, 'max_depth': 8}",0.9815891472868217,0.5045219638242894,1.0,0.9218446601941748,0.41941747572815535,0.7654746494066882,0.25060369833887813,24,0.9991792882190554,1.0,0.9996082966500037,0.9990911294231701,0.9990305380513814,0.9993818504687221,0.0003694204439201264,NagC
224,0.49924778938293457,0.036808707688331194,0.038073492050170896,0.022590512186597113,10,0.002,7,11,"{'n_estimators': 10, 'min_samples_split': 0.002, 'min_samples_leaf': 7, 'max_depth': 11}",0.7829457364341086,0.3905038759689923,1.0,0.7257281553398058,0.4621359223300971,0.6722627380146007,0.22183882658070608,25,0.9991792882190554,0.9997948220547639,0.9998321271357158,0.9990911294231702,0.999123755546441,0.9994042244758294,0.0003355457664673338,NagC
225,1.913939905166626,0.12384832593386444,0.10321006774902344,0.04156607138210252,85,0.004,5,13,"{'n_estimators': 85, 'min_samples_split': 0.004, 'min_samples_leaf': 5, 'max_depth': 13}",0.9970986460348162,1.0,1.0,1.0,0.999031007751938,0.9992259307573509,0.0011279082272964082,1,0.999939525882922,0.9997883405902275,0.9998790517658441,0.9999395258829221,1.0,0.9999092888243831,7.155394028903023e-05,NanR
226,2.181937742233276,0.24381837445011664,0.1331303596496582,0.05763171751635869,85,0.008,9,13,"{'n_estimators': 85, 'min_samples_split': 0.008, 'min_samples_leaf': 9, 'max_depth': 13}",0.971953578336557,1.0,1.0,0.9999999999999999,0.999515503875969,0.9942938164425051,0.011171695042908419,2,0.9998488147073054,0.9998488147073052,0.9998488147073054,0.9999092888243832,1.0,0.9998911465892597,5.925229179444988e-05,NanR
227,1.2425515174865722,0.15496415934861305,0.049127054214477536,0.029283148493747323,60,0.008,10,4,"{'n_estimators': 60, 'min_samples_split': 0.008, 'min_samples_leaf': 10, 'max_depth': 4}",0.9584139264990329,1.0,1.0,0.9999999999999999,0.9995155038759689,0.9915858860750003,0.016587041206964387,3,0.9998185776487662,0.9998790517658442,0.9998488147073052,0.999939525882922,1.0,0.9998971940009674,6.51326174060868e-05,NanR
228,1.0289706707000732,0.029251328377733716,0.04315686225891113,0.017944264759605574,40,0.012,5,10,"{'n_estimators': 40, 'min_samples_split': 0.012, 'min_samples_leaf': 5, 'max_depth': 10}",0.9472920696324951,1.0,0.9999999999999999,1.0,0.9995155038759689,0.9893615147016928,0.021035559478694402,4,0.9998185776487664,0.9999092888243832,0.9998488147073054,0.999969762941461,1.0,0.9999092888243831,6.895110214674736e-05,NanR
229,1.5022854804992676,0.12407589785507661,0.08096899986267089,0.021123478736781304,65,0.014000000000000002,5,13,"{'n_estimators': 65, 'min_samples_split': 0.014000000000000002, 'min_samples_leaf': 5, 'max_depth': 13}",0.9400386847195358,1.0,0.9999999999999999,1.0,0.9995155038759689,0.9879108377191009,0.02393681199904393,5,0.9998488147073055,0.9997581035316885,0.9998488147073055,0.9998488147073052,1.0,0.9998609095307209,7.791544948428534e-05,NanR
230,1.6154604434967041,0.1166604108061523,0.10258688926696777,0.02620755016838764,70,0.018000000000000002,8,4,"{'n_estimators': 70, 'min_samples_split': 0.018000000000000002, 'min_samples_leaf': 8, 'max_depth': 4}",0.9361702127659575,1.0,1.0,1.0,0.999031007751938,0.9870402441035792,0.025437784179624848,6,0.9998185776487664,0.9997581035316884,0.9998488147073052,0.9998488147073052,1.0,0.999854862119013,7.977083912841872e-05,NanR
231,1.3269974708557128,0.0728226657671544,0.07143912315368653,0.04130693287480761,55,0.005,6,10,"{'n_estimators': 55, 'min_samples_split': 0.005, 'min_samples_leaf': 6, 'max_depth': 10}",0.9342359767891684,1.0,1.0,1.0,0.999031007751938,0.9866533969082212,0.026211396851004407,7,0.9998790517658442,0.9998488147073052,0.9998488147073052,0.999969762941461,1.0,0.9999092888243831,6.342578907656877e-05,NanR
232,0.8816985607147216,0.05076786188253523,0.043444490432739256,0.026879518693866622,35,0.005,8,5,"{'n_estimators': 35, 'min_samples_split': 0.005, 'min_samples_leaf': 8, 'max_depth': 5}",0.9187620889748549,1.0,1.0,1.0,0.999515503875969,0.9836555185701649,0.032447257382319544,8,0.9999395258829221,0.9998790517658442,0.9998488147073054,0.9998488147073052,1.0,0.9999032414126754,5.863183185069511e-05,NanR
233,1.8191159248352051,0.08342465703139824,0.08885469436645507,0.03162671602674584,80,0.015,5,7,"{'n_estimators': 80, 'min_samples_split': 0.015, 'min_samples_leaf': 5, 'max_depth': 7}",0.862669245647969,1.0,1.0,1.0,0.999031007751938,0.9723400506799814,0.0548366867251199,9,0.9998185776487664,0.9997581035316883,0.9998488147073052,0.999969762941461,1.0,0.9998790517658442,9.171353947816216e-05,NanR
234,1.0598042011260986,0.06644555092488166,0.07686491012573242,0.02967666695640404,45,0.010000000000000002,7,10,"{'n_estimators': 45, 'min_samples_split': 0.010000000000000002, 'min_samples_leaf': 7, 'max_depth': 10}",0.844294003868472,1.0,1.0,1.0,0.999515503875969,0.9687619015488881,0.062234231727561075,10,0.9998185776487664,0.9997278664731494,0.9998488147073052,0.9999092888243831,1.0,0.9998609095307209,9.091253252526354e-05,NanR
235,0.8930720329284668,0.059688786247493825,0.08892331123352051,0.05025229933080259,35,0.014000000000000002,6,14,"{'n_estimators': 35, 'min_samples_split': 0.014000000000000002, 'min_samples_leaf': 6, 'max_depth': 14}",0.824468085106383,1.0,1.0,1.0,0.9995155038759691,0.9647967177964704,0.07016456725899117,11,0.9999395258829222,0.9997581035316885,0.9995766811804547,0.9998488147073052,1.0,0.9998246250604741,0.00014862367836776327,NanR
236,1.929461622238159,0.15945367431432259,0.10038638114929199,0.03539781149908604,90,0.018000000000000002,14,9,"{'n_estimators': 90, 'min_samples_split': 0.018000000000000002, 'min_samples_leaf': 14, 'max_depth': 9}",0.7756286266924566,1.0,1.0,1.0,0.999515503875969,0.9550288261136851,0.0897002959781531,12,0.999939525882922,0.9997581035316885,0.9998488147073052,0.9998488147073052,1.0,0.9998790517658442,8.335781780410289e-05,NanR
237,1.2358041286468506,0.10867740850458904,0.054846763610839844,0.019135053866701557,50,0.016,10,4,"{'n_estimators': 50, 'min_samples_split': 0.016, 'min_samples_leaf': 10, 'max_depth': 4}",0.7214700193423598,1.0,1.0,1.0,0.9995155038759689,0.9441971046436658,0.11136370073851684,13,0.9999395258829221,0.9997278664731495,0.9998488147073052,0.9999697629414611,1.0,0.9998971940009677,9.863030013487307e-05,NanR
238,1.1456409454345704,0.04682854807551857,0.06878681182861328,0.03096005119737889,45,0.016,13,7,"{'n_estimators': 45, 'min_samples_split': 0.016, 'min_samples_leaf': 13, 'max_depth': 7}",0.7108317214700193,1.0,1.0,1.0,0.999515503875969,0.9420694450691978,0.11561901406908223,14,0.9999395258829222,0.999909288824383,0.9998488147073052,0.9998488147073052,1.0,0.9999092888243831,5.7370784836171185e-05,NanR
239,0.5769412994384766,0.027013982564276926,0.03972153663635254,0.014163778701637746,15,0.016,6,7,"{'n_estimators': 15, 'min_samples_split': 0.016, 'min_samples_leaf': 6, 'max_depth': 7}",0.6948742746615088,1.0,1.0,1.0,0.999515503875969,0.9388779557074954,0.12200198482595292,15,0.999939525882922,0.9995766811804548,0.9998488147073052,0.9998488147073052,1.0,0.9998427672955975,0.00014488568638978616,NanR
240,0.504969596862793,0.03869010724711749,0.08906960487365723,0.04783812200162604,15,0.003,12,3,"{'n_estimators': 15, 'min_samples_split': 0.003, 'min_samples_leaf': 12, 'max_depth': 3}",0.691972920696325,1.0,1.0,1.0,0.999515503875969,0.9382976849144589,0.12316252505228176,16,0.9999395258829222,0.9998790517658442,0.9998185776487664,0.9998488147073054,1.0,0.9998971940009677,6.513261740607237e-05,NanR
241,1.3382186889648438,0.07842885096985902,0.0803257942199707,0.03271375516988436,55,0.001,5,5,"{'n_estimators': 55, 'min_samples_split': 0.001, 'min_samples_leaf': 5, 'max_depth': 5}",0.6895551257253385,1.0,0.9999999999999999,1.0,0.999515503875969,0.9378141259202615,0.12412964192697819,17,1.0,0.9999092888243832,0.9998185776487662,0.9999092888243831,1.0,0.9999274310595065,6.788202806196013e-05,NanR
242,2.2808720111846923,0.1872583771463741,0.08658328056335449,0.03093563328959294,95,0.019000000000000003,7,12,"{'n_estimators': 95, 'min_samples_split': 0.019000000000000003, 'min_samples_leaf': 7, 'max_depth': 12}",0.687137330754352,1.0,1.0,1.0,0.9995155038759691,0.9373305669260642,0.12509675881889454,18,0.999939525882922,0.9997278664731495,0.9998488147073054,0.9999697629414611,1.0,0.9998971940009677,9.863030013485265e-05,NanR
243,0.8343410491943359,0.1321980987548838,0.0832219123840332,0.03902080763125492,25,0.004,11,14,"{'n_estimators': 25, 'min_samples_split': 0.004, 'min_samples_leaf': 11, 'max_depth': 14}",0.6706963249516441,1.0,1.0,1.0,0.999515503875969,0.9340423657655226,0.13167315411108058,19,0.9998185776487662,0.9998790517658442,0.9998185776487664,0.999969762941461,1.0,0.9998971940009677,7.553214802126661e-05,NanR
244,1.1158816337585449,0.02851173267344428,0.06421198844909667,0.015101197154474373,45,0.006,6,10,"{'n_estimators': 45, 'min_samples_split': 0.006, 'min_samples_leaf': 6, 'max_depth': 10}",0.6561895551257254,1.0,1.0,1.0,0.999031007751938,0.9310441125755327,0.13742779114731077,20,0.9998185776487664,0.9999092888243832,0.9997883405902274,0.9998488147073052,1.0,0.9998730043541364,7.504640569661474e-05,NanR
245,0.749900484085083,0.12333145006117355,0.0764646053314209,0.019220886316029234,20,0.013000000000000001,14,13,"{'n_estimators': 20, 'min_samples_split': 0.013000000000000001, 'min_samples_leaf': 14, 'max_depth': 13}",0.6537717601547388,1.0,1.0,1.0,0.999515503875969,0.9306574528061416,0.1384429734917446,21,0.999939525882922,0.9997581035316885,0.9998790517658442,0.9999092888243831,1.0,0.9998971940009674,8.022798235012723e-05,NanR
246,1.263840913772583,0.08028436501235542,0.07540307044982911,0.035590303296466994,50,0.011,5,5,"{'n_estimators': 50, 'min_samples_split': 0.011, 'min_samples_leaf': 5, 'max_depth': 5}",0.6479690522243713,0.9999999999999998,1.0,0.9999999999999999,0.999515503875969,0.9294969112200681,0.14076405456702842,22,0.999969762941461,0.9997883405902274,0.9998488147073052,0.999969762941461,1.0,0.9999153362360909,8.20310834920781e-05,NanR
247,0.849434757232666,0.020838737861280127,0.09938211441040039,0.04715272018247138,30,0.015,8,11,"{'n_estimators': 30, 'min_samples_split': 0.015, 'min_samples_leaf': 8, 'max_depth': 11}",0.6455512572533849,1.0,1.0,1.0,0.999515503875969,0.9290133522258708,0.14173117170199992,23,0.9998185776487664,0.9995766811804547,0.9998488147073052,0.9998488147073052,1.0,0.9998185776487662,0.00013656978459890013,NanR
248,0.9423925876617432,0.04628660961590301,0.061800813674926756,0.04331820414291877,35,0.018000000000000002,9,11,"{'n_estimators': 35, 'min_samples_split': 0.018000000000000002, 'min_samples_leaf': 9, 'max_depth': 11}",0.6431334622823985,1.0,1.0,1.0,0.999031007751938,0.9284328940068673,0.14265020952481186,24,0.9998185776487664,0.9997581035316884,0.9998488147073052,0.9998488147073052,1.0,0.999854862119013,7.977083912841872e-05,NanR
249,1.161055850982666,0.03106229989979508,0.08350296020507812,0.03524674977660114,50,0.003,10,3,"{'n_estimators': 50, 'min_samples_split': 0.003, 'min_samples_leaf': 10, 'max_depth': 3}",0.6266924564796905,1.0,1.0,1.0,0.999031007751938,0.9251446928463258,0.14922659009023154,25,0.9999395258829221,0.9997581035316885,0.9998488147073052,0.9999092888243832,1.0,0.9998911465892597,8.247569966730037e-05,NanR
250,1.8871220111846925,0.18557374304806604,0.16634869575500488,0.08515837322364285,55,0.005,13,8,"{'n_estimators': 55, 'min_samples_split': 0.005, 'min_samples_leaf': 13, 'max_depth': 8}",0.7475822050290135,0.9028046421663444,0.8713733075435203,1.0,0.9961315280464217,0.90357833655706,0.09299009192861225,1,0.9982730035921525,0.9981693838076817,0.9979276043105831,0.9983420834484664,0.9988515473887813,0.998312724509533,0.0003038532271412362,NarL
251,1.4146896362304688,0.08794097394700534,0.07738251686096191,0.04611841834268982,50,0.014000000000000002,14,8,"{'n_estimators': 50, 'min_samples_split': 0.014000000000000002, 'min_samples_leaf': 14, 'max_depth': 8}",0.9240812379110253,0.6494197292069632,0.8931334622823984,1.0,0.9922630560928434,0.891779497098646,0.1277435835180003,2,0.9981003039513678,0.9986529428018789,0.9982039237358387,0.9977203647416414,0.9988515473887813,0.9983058165239017,0.00040340802590555977,NarL
252,2.4333866119384764,0.1329077016035151,0.08538970947265626,0.040152844868617706,90,0.005,8,4,"{'n_estimators': 90, 'min_samples_split': 0.005, 'min_samples_leaf': 8, 'max_depth': 4}",0.6470019342359767,0.8544487427466151,0.8718568665377175,1.0,0.9961315280464217,0.8738878143133462,0.12861338480628326,3,0.9988256424426638,0.9986874827300359,0.9978239845261122,0.9984457032329372,0.9988515473887813,0.9985268720641061,0.00037976647081788405,NarL
253,1.3022685527801514,0.07792339441434254,0.08809947967529297,0.05341858370909955,45,0.015,11,5,"{'n_estimators': 45, 'min_samples_split': 0.015, 'min_samples_leaf': 11, 'max_depth': 5}",0.49468085106382975,0.9463249516441006,0.910541586073501,1.0,0.9961315280464218,0.8695357833655706,0.19033741980225927,4,0.998583862945565,0.9984457032329372,0.9976858248134843,0.9982730035921525,0.9991537717601547,0.9984284332688589,0.000474594198323241,NarL
254,0.9950764179229736,0.06108236143812902,0.04097061157226563,0.020329806077104485,30,0.017,7,12,"{'n_estimators': 30, 'min_samples_split': 0.017, 'min_samples_leaf': 7, 'max_depth': 12}",0.6392649903288201,0.8123791102514507,0.8970019342359767,1.0,0.9961315280464216,0.8689555125725338,0.13423235353166726,5,0.998583862945565,0.9983420834484664,0.9984111633047803,0.9975476651008566,0.9991235493230175,0.9984016648245373,0.0005073990685841316,NarL
255,0.5474989891052247,0.053273467559160834,0.07919316291809082,0.011742780153829268,15,0.005,11,3,"{'n_estimators': 15, 'min_samples_split': 0.005, 'min_samples_leaf': 11, 'max_depth': 3}",0.625725338491296,0.9574468085106383,0.7050290135396519,1.0,0.9961315280464217,0.8568665377176016,0.15904666243420382,6,0.9981693838076817,0.9977203647416414,0.9977894445979553,0.9971677258911302,0.9987306576402322,0.9979155153357281,0.0005180874089169205,NarL
256,2.70574836730957,0.28970801426315457,0.07222237586975097,0.039661732551337765,95,0.012,9,5,"{'n_estimators': 95, 'min_samples_split': 0.012, 'min_samples_leaf': 9, 'max_depth': 5}",0.745164410058027,0.8409090909090909,0.6842359767891683,1.0,1.0,0.8540618955512572,0.12920399526351747,7,0.9983075435203095,0.9983075435203095,0.9980657640232109,0.9989292622271346,0.9992142166344293,0.9985648659850789,0.00043265999517558073,NarL
257,0.7713960170745849,0.04174639849261763,0.04466242790222168,0.030905220298775796,20,0.003,8,8,"{'n_estimators': 20, 'min_samples_split': 0.003, 'min_samples_leaf': 8, 'max_depth': 8}",0.620889748549323,0.9235976789168279,0.7088974854932302,1.0,0.9961315280464217,0.8499032882011605,0.1559951422225654,8,0.9989292622271346,0.9982384636639956,0.9980657640232108,0.9979966841668969,0.9987306576402321,0.9983921663442941,0.0003713805289910454,NarL
258,0.4885714054107666,0.024873537143429797,0.029855680465698243,0.017624446989851876,10,0.013000000000000001,6,8,"{'n_estimators': 10, 'min_samples_split': 0.013000000000000001, 'min_samples_leaf': 6, 'max_depth': 8}",0.6503868471953579,0.6600580270793037,0.9458413926499033,1.0,0.9922630560928434,0.8497098646034816,0.15990452941103503,9,0.99796214423874,0.9964078474716773,0.9973749654600719,0.9988601823708206,0.9988515473887815,0.9978913373860182,0.0009309199488927541,NarL
259,1.256796169281006,0.13378325828933565,0.11210622787475585,0.0907107300029853,25,0.013000000000000001,14,3,"{'n_estimators': 25, 'min_samples_split': 0.013000000000000001, 'min_samples_leaf': 14, 'max_depth': 3}",0.6392649903288201,0.6455512572533849,0.938588007736944,1.0,0.9961315280464217,0.8439071566731142,0.16596697118206197,10,0.998583862945565,0.9981348438795247,0.9978585244542691,0.9980657640232109,0.9993351063829787,0.9983956203371097,0.0005259944573917984,NarL
260,0.9610344409942627,0.04108596700364768,0.053913021087646486,0.037717429300299046,30,0.019000000000000003,8,10,"{'n_estimators': 30, 'min_samples_split': 0.019000000000000003, 'min_samples_leaf': 8, 'max_depth': 10}",0.8737911025145069,0.6779497098646035,0.6479690522243714,1.0,0.9922630560928434,0.838394584139265,0.15036566861888465,11,0.9981693838076817,0.9978239845261121,0.998031224095054,0.9974785852445427,0.9987911025145069,0.9980588560375795,0.0004338302975437734,NarL
261,1.370776081085205,0.09173973405695793,0.10241575241088867,0.034561653809750924,50,0.001,5,13,"{'n_estimators': 50, 'min_samples_split': 0.001, 'min_samples_leaf': 5, 'max_depth': 13}",0.5440038684719536,0.9598646034816247,0.6856866537717602,1.0,1.0,0.8379110251450677,0.18813400691624552,12,0.9987220226581929,0.9984802431610942,0.9982730035921525,0.9984802431610942,0.999455996131528,0.9986823017408124,0.000412155571422792,NarL
262,1.8190967559814453,0.22458305098586984,0.07767629623413086,0.02477433863436582,65,0.008,5,6,"{'n_estimators': 65, 'min_samples_split': 0.008, 'min_samples_leaf': 5, 'max_depth': 6}",0.5725338491295938,0.882495164410058,0.6499032882011605,1.0,0.9922630560928434,0.819439071566731,0.17672069491541853,13,0.9986874827300359,0.9984802431610942,0.9983075435203095,0.9986874827300359,0.9997582205029014,0.9987841945288753,0.0005073491027073651,NarL
263,0.9761003494262696,0.06137489400926379,0.07955412864685059,0.03910263145557187,25,0.014000000000000002,5,7,"{'n_estimators': 25, 'min_samples_split': 0.014000000000000002, 'min_samples_leaf': 5, 'max_depth': 7}",0.5749516441005803,0.816247582205029,0.6716634429400388,1.0,0.9961315280464217,0.811798839458414,0.1703834097144102,14,0.9985147830892511,0.9987220226581929,0.997858524454269,0.997927604310583,0.9993048839458414,0.9984655636916276,0.000534892357603727,NarL
264,2.0260593414306642,0.17697855232802548,0.07550272941589356,0.031891330361239464,75,0.015,8,14,"{'n_estimators': 75, 'min_samples_split': 0.015, 'min_samples_leaf': 8, 'max_depth': 14}",0.5971953578336557,0.761605415860735,0.5947775628626693,1.0,0.9922630560928434,0.7891682785299807,0.17949850554707755,15,0.998583862945565,0.9986874827300358,0.9980657640232109,0.9984111633047803,0.9996071083172147,0.9986710762641614,0.0005134177626270741,NarL
265,0.8894721508026123,0.053026836666874376,0.08734169006347656,0.029063761776022944,30,0.018000000000000002,10,7,"{'n_estimators': 30, 'min_samples_split': 0.018000000000000002, 'min_samples_leaf': 10, 'max_depth': 7}",0.45164410058027077,0.8515473887814313,0.6445841392649904,1.0,0.9961315280464216,0.7887814313346228,0.21260355152162524,16,0.9981693838076816,0.9979621442387399,0.9976512848853274,0.9989983420834485,0.9989422147001934,0.9983446739430782,0.0005370625635484322,NarL
266,2.418518590927124,0.21808627482951856,0.09547858238220215,0.018775593591509106,95,0.014000000000000002,8,4,"{'n_estimators': 95, 'min_samples_split': 0.014000000000000002, 'min_samples_leaf': 8, 'max_depth': 4}",0.42794970986460346,0.9463249516441006,0.5527079303675049,1.0,0.9961315280464217,0.7846228239845262,0.24424212009781354,17,0.9982384636639956,0.9983766233766234,0.9984457032329372,0.9983420834484664,0.9989422147001934,0.9984690176844433,0.00024587116304641506,NarL
267,1.6558310508728027,0.15815094797391488,0.10650448799133301,0.031188103567486435,60,0.018000000000000002,13,3,"{'n_estimators': 60, 'min_samples_split': 0.018000000000000002, 'min_samples_leaf': 13, 'max_depth': 3}",0.3970019342359768,0.8496131528046422,0.6542553191489362,1.0,0.9961315280464217,0.7794003868471954,0.22910970032747957,18,0.9981693838076816,0.9981003039513677,0.9973749654600718,0.9979276043105831,0.9987911025145068,0.9980726720088422,0.0004547742633499083,NarL
268,1.9816908359527587,0.031528682891722754,0.1007169246673584,0.0477035319169647,75,0.004,5,7,"{'n_estimators': 75, 'min_samples_split': 0.004, 'min_samples_leaf': 5, 'max_depth': 7}",0.2852998065764023,0.6189555125725339,0.9501934235976788,1.0,0.9922630560928434,0.7693423597678917,0.28018461351234386,19,0.998652942801879,0.9988256424426637,0.9983420834484664,0.9982730035921525,0.9994559961315281,0.9987099336833379,0.00042413850427237387,NarL
269,0.9413903236389161,0.037083239463031346,0.07259616851806641,0.030821972714630268,25,0.001,9,10,"{'n_estimators': 25, 'min_samples_split': 0.001, 'min_samples_leaf': 9, 'max_depth': 10}",0.3655705996131528,0.7993230174081238,0.6711798839458414,1.0,1.0,0.7672147001934236,0.2366218946374476,20,0.9985838629455651,0.9978930643824261,0.997927604310583,0.9980657640232108,0.9991537717601547,0.998324813484388,0.00048281828557631746,NarL
270,1.5617055416107177,0.1464594007243207,0.09747252464294434,0.030702286598602833,60,0.006,5,9,"{'n_estimators': 60, 'min_samples_split': 0.006, 'min_samples_leaf': 5, 'max_depth': 9}",0.4753384912959381,0.7035783365570599,0.6436170212765957,1.0,1.0,0.7645067698259187,0.20632935879731434,21,0.9986529428018789,0.9987220226581929,0.9982384636639956,0.9983420834484664,0.9994862185686654,0.9986883462282398,0.00043847006976896,NarL
271,1.677088451385498,0.1249323026678267,0.10277433395385742,0.029209017552287646,65,0.015,5,14,"{'n_estimators': 65, 'min_samples_split': 0.015, 'min_samples_leaf': 5, 'max_depth': 14}",0.3143133462282398,0.6034816247582205,0.8795938104448743,1.0,0.9922630560928433,0.7579303675048356,0.2641825069786347,22,0.998583862945565,0.9985493230174082,0.9982730035921524,0.9982384636639956,0.9987004352030948,0.9984690176844431,0.0001815318865459995,NarL
272,1.6524113655090331,0.13180096142711187,0.14518775939941406,0.03608969909403799,50,0.010000000000000002,10,9,"{'n_estimators': 50, 'min_samples_split': 0.010000000000000002, 'min_samples_leaf': 10, 'max_depth': 9}",0.5154738878143134,0.5454545454545454,0.6271760154738879,1.0,0.9922630560928434,0.736073500967118,0.21547562410532214,23,0.9982384636639956,0.9981693838076816,0.9977894445979553,0.9982384636639956,0.9989724371373307,0.9982816385741918,0.00038361096006853687,NarL
273,1.2982615947723388,0.09096506346308707,0.09607076644897461,0.04588378282416856,45,0.018000000000000002,8,9,"{'n_estimators': 45, 'min_samples_split': 0.018000000000000002, 'min_samples_leaf': 8, 'max_depth': 9}",0.4632495164410058,0.531431334622824,0.6344294003868471,1.0,0.9961315280464216,0.7250483558994197,0.22948745986780056,24,0.9981348438795248,0.9987220226581929,0.9978239845261122,0.9976858248134843,0.9988515473887813,0.998243644653219,0.000468509648948307,NarL
274,0.9688344478607178,0.09313831012984433,0.06486730575561524,0.03128190535150554,30,0.019000000000000003,12,13,"{'n_estimators': 30, 'min_samples_split': 0.019000000000000003, 'min_samples_leaf': 12, 'max_depth': 13}",0.2911025145067698,0.6615087040618955,0.6271760154738879,1.0,0.9922630560928434,0.7144100580270794,0.26395511410955846,25,0.9991710417242332,0.9978930643824261,0.9967532467532467,0.9977894445979553,0.9990933268858802,0.9981400248687484,0.000903197657422734,NarL
275,1.0726081371307372,0.08486090277504314,0.12735767364501954,0.03358832308038134,25,0.001,11,6,"{'n_estimators': 25, 'min_samples_split': 0.001, 'min_samples_leaf': 11, 'max_depth': 6}",1.0,1.0,1.0,1.0,1.0,1.0,0.0,1,1.0,1.0,1.0,1.0,1.0,1.0,0.0,NrdR
276,1.4604427337646484,0.3131069482230081,0.12030482292175293,0.029012492204231292,60,0.002,13,7,"{'n_estimators': 60, 'min_samples_split': 0.002, 'min_samples_leaf': 13, 'max_depth': 7}",1.0,1.0,1.0,1.0,1.0,1.0,0.0,1,1.0,1.0,1.0,1.0,1.0,1.0,0.0,NrdR
277,0.756973123550415,0.1026325410391448,0.07328448295593262,0.035269728561741515,25,0.016,11,13,"{'n_estimators': 25, 'min_samples_split': 0.016, 'min_samples_leaf': 11, 'max_depth': 13}",1.0,1.0,1.0,1.0,1.0,1.0,0.0,1,1.0,1.0,1.0,1.0,1.0,1.0,0.0,NrdR
278,1.3007975578308106,0.2177444881022981,0.058242511749267575,0.04430954101876632,50,0.005,8,8,"{'n_estimators': 50, 'min_samples_split': 0.005, 'min_samples_leaf': 8, 'max_depth': 8}",1.0,1.0,1.0,1.0,1.0,1.0,0.0,1,1.0,1.0,1.0,1.0,1.0,1.0,0.0,NrdR
279,1.05194993019104,0.14538208254913818,0.04229826927185058,0.007256699938168134,40,0.011,11,13,"{'n_estimators': 40, 'min_samples_split': 0.011, 'min_samples_leaf': 11, 'max_depth': 13}",0.9999999999999999,1.0,1.0,1.0,1.0,1.0,4.965068306494546e-17,1,1.0,1.0,1.0,1.0,1.0,1.0,0.0,NrdR
280,1.6074387073516845,0.2605995799902362,0.06289010047912598,0.011077816689165187,75,0.006,14,4,"{'n_estimators': 75, 'min_samples_split': 0.006, 'min_samples_leaf': 14, 'max_depth': 4}",1.0,1.0,1.0,1.0,1.0,1.0,0.0,1,1.0,0.9999999999999999,1.0,1.0,0.9999999999999999,1.0,7.021666937153402e-17,NrdR
281,0.9921646595001221,0.1633224873399318,0.1020169734954834,0.03872983989432821,40,0.019000000000000003,11,8,"{'n_estimators': 40, 'min_samples_split': 0.019000000000000003, 'min_samples_leaf': 11, 'max_depth': 8}",1.0,1.0,1.0,1.0,1.0,1.0,0.0,1,1.0,1.0,1.0,1.0,0.9999999999999999,1.0,4.965068306494546e-17,NrdR
282,1.2794456005096435,0.16903571404872586,0.0978468894958496,0.02428238955637049,55,0.015,6,7,"{'n_estimators': 55, 'min_samples_split': 0.015, 'min_samples_leaf': 6, 'max_depth': 7}",1.0,1.0,1.0,0.9999999999999999,1.0,1.0,4.965068306494546e-17,1,1.0,1.0,1.0,1.0,1.0,1.0,0.0,NrdR
283,0.722416353225708,0.12693564003078317,0.059501028060913085,0.028554334508843697,25,0.011,9,6,"{'n_estimators': 25, 'min_samples_split': 0.011, 'min_samples_leaf': 9, 'max_depth': 6}",1.0,1.0,1.0,1.0,1.0,1.0,0.0,1,1.0,1.0,1.0,1.0,1.0,1.0,0.0,NrdR
284,2.054684638977051,0.4338756786016533,0.10445427894592285,0.0676133428483534,80,0.018000000000000002,9,11,"{'n_estimators': 80, 'min_samples_split': 0.018000000000000002, 'min_samples_leaf': 9, 'max_depth': 11}",1.0,1.0,1.0,1.0,1.0,1.0,0.0,1,1.0,1.0,1.0,1.0,1.0,1.0,0.0,NrdR
285,1.1660866260528564,0.17176043455753648,0.12333273887634277,0.06530222816161897,45,0.018000000000000002,11,10,"{'n_estimators': 45, 'min_samples_split': 0.018000000000000002, 'min_samples_leaf': 11, 'max_depth': 10}",1.0,1.0,1.0,1.0,1.0,1.0,0.0,1,1.0,1.0,1.0,1.0,1.0,1.0,0.0,NrdR
286,0.7382940292358399,0.08807031366503587,0.08878598213195801,0.03361302451161489,25,0.016,14,5,"{'n_estimators': 25, 'min_samples_split': 0.016, 'min_samples_leaf': 14, 'max_depth': 5}",1.0,1.0,1.0,1.0,1.0,1.0,0.0,1,1.0,1.0,1.0,1.0,1.0,1.0,0.0,NrdR
287,2.2252917766571043,0.3960208200770967,0.09587216377258301,0.0061388916115990184,90,0.004,10,10,"{'n_estimators': 90, 'min_samples_split': 0.004, 'min_samples_leaf': 10, 'max_depth': 10}",1.0,1.0,1.0,1.0,1.0,1.0,0.0,1,1.0,0.9999999999999999,1.0,1.0,1.0,1.0,4.965068306494546e-17,NrdR
288,1.107767152786255,0.26124615068576096,0.12195568084716797,0.02374594608481426,35,0.017,12,7,"{'n_estimators': 35, 'min_samples_split': 0.017, 'min_samples_leaf': 12, 'max_depth': 7}",0.9999999999999999,1.0,1.0,1.0,1.0,1.0,4.965068306494546e-17,1,1.0,1.0,1.0,1.0,1.0,1.0,0.0,NrdR
289,0.7302512168884278,0.10953927377790858,0.05251913070678711,0.015338771633102306,25,0.001,14,6,"{'n_estimators': 25, 'min_samples_split': 0.001, 'min_samples_leaf': 14, 'max_depth': 6}",1.0,1.0,1.0,1.0,1.0,1.0,0.0,1,1.0,1.0,1.0,1.0,1.0,1.0,0.0,NrdR
290,1.8084600925445558,0.339660483057871,0.08377461433410645,0.033490037630394535,75,0.005,11,6,"{'n_estimators': 75, 'min_samples_split': 0.005, 'min_samples_leaf': 11, 'max_depth': 6}",1.0,0.9999999999999999,1.0,1.0,1.0,1.0,4.965068306494546e-17,1,1.0,1.0,1.0,0.9999999999999999,1.0,1.0,4.965068306494546e-17,NrdR
291,1.1383448600769044,0.15877987961062348,0.05566515922546387,0.032047584725017765,45,0.016,6,4,"{'n_estimators': 45, 'min_samples_split': 0.016, 'min_samples_leaf': 6, 'max_depth': 4}",1.0,1.0,1.0,1.0,1.0,1.0,0.0,1,1.0,1.0,1.0,1.0,1.0,1.0,0.0,NrdR
292,0.5477420330047608,0.11709041898156757,0.08535594940185547,0.06774164001177259,10,0.005,8,14,"{'n_estimators': 10, 'min_samples_split': 0.005, 'min_samples_leaf': 8, 'max_depth': 14}",1.0,1.0,1.0,1.0,1.0,1.0,0.0,1,1.0,1.0,1.0,1.0,1.0,1.0,0.0,NrdR
293,1.370233964920044,0.37223859388507496,0.12571778297424316,0.04989366139250775,40,0.005,13,9,"{'n_estimators': 40, 'min_samples_split': 0.005, 'min_samples_leaf': 13, 'max_depth': 9}",1.0,1.0,1.0,1.0,1.0,1.0,0.0,1,1.0,1.0,1.0,1.0,1.0,1.0,0.0,NrdR
294,1.613070011138916,0.05845666820856984,0.22515926361083985,0.08122533810440279,45,0.016,6,13,"{'n_estimators': 45, 'min_samples_split': 0.016, 'min_samples_leaf': 6, 'max_depth': 13}",1.0,1.0,1.0,1.0,1.0,1.0,0.0,1,1.0,1.0,1.0,1.0,1.0,1.0,0.0,NrdR
295,2.4069634437561036,0.4149844274017735,0.1473010540008545,0.012719139124103286,95,0.001,11,5,"{'n_estimators': 95, 'min_samples_split': 0.001, 'min_samples_leaf': 11, 'max_depth': 5}",1.0,1.0,1.0,0.9999999999999999,1.0,1.0,4.965068306494546e-17,1,1.0,1.0,1.0,1.0,1.0,1.0,0.0,NrdR
296,0.5348945617675781,0.0615389266221575,0.059601974487304685,0.031027912077818593,10,0.012,12,7,"{'n_estimators': 10, 'min_samples_split': 0.012, 'min_samples_leaf': 12, 'max_depth': 7}",1.0,1.0,1.0,1.0,1.0,1.0,0.0,1,1.0,1.0,1.0,1.0,1.0,1.0,0.0,NrdR
297,1.3805278301239015,0.20653766384248645,0.08286867141723633,0.04859650841118488,55,0.008,14,3,"{'n_estimators': 55, 'min_samples_split': 0.008, 'min_samples_leaf': 14, 'max_depth': 3}",1.0,1.0,1.0,1.0,1.0,1.0,0.0,1,1.0,1.0,1.0,0.9999999999999999,1.0,1.0,4.965068306494546e-17,NrdR
298,0.9702208995819092,0.16610060804280496,0.1010204792022705,0.022547784780282153,40,0.014000000000000002,13,8,"{'n_estimators': 40, 'min_samples_split': 0.014000000000000002, 'min_samples_leaf': 13, 'max_depth': 8}",1.0,0.9999999999999999,1.0,1.0,1.0,1.0,4.965068306494546e-17,1,1.0,1.0,1.0,1.0,1.0,1.0,0.0,NrdR
299,1.9179299354553223,0.5623830050660915,0.06326775550842285,0.03752405133114521,85,0.019000000000000003,13,7,"{'n_estimators': 85, 'min_samples_split': 0.019000000000000003, 'min_samples_leaf': 13, 'max_depth': 7}",0.9999999999999999,1.0,1.0,1.0,1.0,1.0,4.965068306494546e-17,1,1.0,1.0000000000000002,1.0,1.0,1.0,1.0,9.930136612989092e-17,NrdR
300,1.2671288013458253,0.11241633806598009,0.09776506423950196,0.011001162367035043,60,0.008,6,3,"{'n_estimators': 60, 'min_samples_split': 0.008, 'min_samples_leaf': 6, 'max_depth': 3}",0.8500967117988395,1.0,1.0,1.0,0.7281976744186046,0.9156588772434888,0.11025459180082306,1,0.9997581035316884,0.9999092888243831,0.9991835994194485,0.9997581035316884,0.9995164410058026,0.9996251072626021,0.00025411521252023987,PaaX
301,0.7163294792175293,0.0668380456690416,0.06768665313720704,0.03326705503833836,25,0.013000000000000001,14,10,"{'n_estimators': 25, 'min_samples_split': 0.013000000000000001, 'min_samples_leaf': 14, 'max_depth': 10}",0.8027079303675049,1.0,1.0,1.0,0.7364341085271319,0.9078284077789274,0.11481561551019313,2,0.9997278664731495,0.999969762941461,0.9992440735365264,0.9992743105950653,0.9995164410058027,0.999546490910401,0.0002751354923973873,PaaX
302,3.13137469291687,0.403618728026482,0.5471203327178955,0.1614244205923649,70,0.013000000000000001,6,3,"{'n_estimators': 70, 'min_samples_split': 0.013000000000000001, 'min_samples_leaf': 6, 'max_depth': 3}",0.7712765957446809,1.0,1.0,1.0,0.7262596899224807,0.8995072571334323,0.1238985037611416,3,0.9997278664731496,0.9999697629414611,0.9991835994194485,0.9992743105950654,1.0,0.9996311078858249,0.00034284077849681277,PaaX
303,2.3663092613220216,0.33839852072233023,0.33614358901977537,0.15825860032175218,50,0.018000000000000002,14,11,"{'n_estimators': 50, 'min_samples_split': 0.018000000000000002, 'min_samples_leaf': 14, 'max_depth': 11}",0.7746615087040619,0.9961315280464216,1.0,1.0,0.7034883720930232,0.8948562817687012,0.12917858862932124,4,0.9997581035316885,0.9998488147073052,0.9992440735365264,0.9992743105950652,0.9996977756286267,0.9995646155998423,0.00025415055218201677,PaaX
304,1.767084503173828,0.1244011590486183,0.09252233505249023,0.03448927410268179,85,0.004,13,11,"{'n_estimators': 85, 'min_samples_split': 0.004, 'min_samples_leaf': 13, 'max_depth': 11}",0.7335589941972921,1.0,1.0,1.0,0.7156007751937984,0.889831953878218,0.13504720412661025,5,0.9997581035316886,0.999939525882922,0.9992440735365262,0.9992743105950652,0.9995164410058026,0.9995464909104008,0.00027044325835811484,PaaX
305,0.986914587020874,0.01626716675383295,0.13906388282775878,0.10397576711824806,15,0.002,9,9,"{'n_estimators': 15, 'min_samples_split': 0.002, 'min_samples_leaf': 9, 'max_depth': 9}",0.6590909090909092,1.0,1.0,1.0,0.749031007751938,0.8816243833685695,0.14774336551609585,6,0.9997278664731495,0.999969762941461,0.9992440735365263,0.9998790517658442,0.9997582205029014,0.9997157950439763,0.00025124460979134494,PaaX
306,3.9263691902160645,0.37114810214077343,0.4293659210205078,0.1776049309784676,95,0.012,14,12,"{'n_estimators': 95, 'min_samples_split': 0.012, 'min_samples_leaf': 14, 'max_depth': 12}",0.47147001934235977,1.0,1.0,1.0,0.9195736434108528,0.8782087325506425,0.20574099015683073,7,0.9997581035316884,0.9998488147073052,0.9991231253023706,0.9992743105950652,0.9995164410058027,0.9995041590284464,0.00027620398165097257,PaaX
307,1.8301060676574707,0.11158295429249912,0.11097168922424316,0.023484010250495964,90,0.008,14,11,"{'n_estimators': 90, 'min_samples_split': 0.008, 'min_samples_leaf': 14, 'max_depth': 11}",0.6624758220502902,1.0,1.0,1.0,0.7170542635658915,0.8759060171232363,0.15296030696607193,8,0.9997581035316885,0.999969762941461,0.9991835994194485,0.9992743105950653,0.9995164410058028,0.9995404434986932,0.0002934047078191994,PaaX
308,0.9323631763458252,0.15493426129541157,0.4183830738067627,0.10936861081396457,15,0.003,12,5,"{'n_estimators': 15, 'min_samples_split': 0.003, 'min_samples_leaf': 12, 'max_depth': 5}",0.6189555125725338,0.9961315280464217,1.0,1.0,0.7378875968992249,0.870594927503636,0.16135948338689815,9,0.998881228834059,0.999969762941461,0.9992440735365263,0.9991533623609096,0.9996977756286267,0.9993892406603164,0.0003916600636147235,PaaX
309,1.4245734691619873,0.1795994826026245,0.33173322677612305,0.11737137630268678,35,0.015,8,4,"{'n_estimators': 35, 'min_samples_split': 0.015, 'min_samples_leaf': 8, 'max_depth': 4}",0.624274661508704,1.0,1.0,0.9999999999999999,0.7189922480620156,0.868653381914144,0.16363081385893063,10,0.9997278664731495,0.999909288824383,0.9992440735365264,0.9992743105950652,0.9995164410058028,0.9995343960869854,0.00025699392453075,PaaX
310,0.7605282306671143,0.2867820300167137,0.19375782012939452,0.07715072109544495,10,0.019000000000000003,5,12,"{'n_estimators': 10, 'min_samples_split': 0.019000000000000003, 'min_samples_leaf': 5, 'max_depth': 12}",0.5967117988394584,0.9961315280464216,1.0,1.0,0.7335271317829457,0.8652740917337651,0.16906139475088633,11,0.9988812288340589,0.9999092888243832,0.9992440735365264,0.9991533623609096,0.9995164410058027,0.9993408789123361,0.00034920590174868473,PaaX
311,0.9674557685852051,0.06881499371551308,0.08846812248229981,0.04040006519196621,30,0.003,14,4,"{'n_estimators': 30, 'min_samples_split': 0.003, 'min_samples_leaf': 14, 'max_depth': 4}",0.5638297872340425,0.9961315280464216,1.0,1.0,0.7301356589147286,0.8580193948390387,0.18016310441351732,12,0.9993045476536042,0.999939525882922,0.9992440735365263,0.9992743105950652,0.9995164410058026,0.999455779734784,0.0002601199073769298,PaaX
312,1.310004425048828,0.049033108289044634,0.06977853775024415,0.046596104142496104,55,0.016,6,13,"{'n_estimators': 55, 'min_samples_split': 0.016, 'min_samples_leaf': 6, 'max_depth': 13}",0.5236943907156673,1.0,1.0,1.0,0.7204457364341085,0.8488280254299552,0.1953216783854552,13,0.9996371552975327,1.0,0.9992440735365263,0.9992743105950652,0.9995164410058026,0.9995343960869854,0.0002755360196125059,PaaX
313,2.7193064212799074,0.4694574049333589,0.40536909103393554,0.10712147904327436,60,0.004,10,10,"{'n_estimators': 60, 'min_samples_split': 0.004, 'min_samples_leaf': 10, 'max_depth': 10}",0.5164410058027079,1.0,1.0,1.0,0.7252906976744186,0.8483463406954254,0.19712957147569937,14,0.9997581035316885,0.9999092888243831,0.9992440735365263,0.999455732946299,0.9995164410058027,0.9995767279689399,0.00023342112250953974,PaaX
314,1.5835865974426269,0.28036051527730843,0.44146175384521485,0.13640275113430977,40,0.005,13,8,"{'n_estimators': 40, 'min_samples_split': 0.005, 'min_samples_leaf': 13, 'max_depth': 8}",0.5135396518375241,0.9990328820116053,1.0,1.0,0.7248062015503877,0.8474757470799034,0.1980191878139685,15,0.9997278664731495,0.999969762941461,0.9992743105950652,0.9992743105950653,0.9995164410058027,0.9995525383221088,0.00026867850527239863,PaaX
315,2.81735520362854,0.4124730602390172,0.3080277919769287,0.02988873584659345,65,0.013000000000000001,12,8,"{'n_estimators': 65, 'min_samples_split': 0.013000000000000001, 'min_samples_leaf': 12, 'max_depth': 8}",0.5019342359767891,1.0,1.0,1.0,0.7175387596899224,0.8438945991333423,0.20298245080342917,16,0.9997278664731495,0.9999092888243831,0.9991835994194485,0.9992743105950654,0.9995164410058026,0.9995223012635698,0.00027139236581426676,PaaX
316,1.5487969875335694,0.055947388357691724,0.38330845832824706,0.17728116101407337,30,0.004,10,9,"{'n_estimators': 30, 'min_samples_split': 0.004, 'min_samples_leaf': 10, 'max_depth': 9}",0.4608317214700194,1.0,1.0,1.0,0.7398255813953489,0.8401314605730736,0.21475726352175262,17,0.9997581035316884,0.9999092888243832,0.999455732946299,0.9992743105950653,0.9997582205029013,0.9996311312800674,0.0002314004405510629,PaaX
317,0.7764581203460693,0.04560366942795813,0.10685749053955078,0.055719882943770345,25,0.005,5,5,"{'n_estimators': 25, 'min_samples_split': 0.005, 'min_samples_leaf': 5, 'max_depth': 5}",0.4042553191489362,0.9990328820116054,1.0,1.0,0.749515503875969,0.8305607410073022,0.23413962946843336,18,0.9999092888243831,0.9998488147073052,0.9992440735365263,0.9998790517658442,1.0,0.9997762457668118,0.0002708538422418898,PaaX
318,1.8121479511260987,0.11007636227092475,0.24890775680541993,0.043741758085276944,55,0.013000000000000001,9,11,"{'n_estimators': 55, 'min_samples_split': 0.013000000000000001, 'min_samples_leaf': 9, 'max_depth': 11}",0.4274661508704062,0.9980657640232108,1.0,1.0,0.7267441860465117,0.8304552201880258,0.22748201147338734,19,0.9997581035316885,0.9999697629414611,0.9992440735365264,0.9992743105950652,0.9995164410058027,0.9995525383221088,0.00027935556077083175,PaaX
319,1.3876065731048584,0.16509015817129225,0.4181357383728027,0.15561270794111745,25,0.007,6,12,"{'n_estimators': 25, 'min_samples_split': 0.007, 'min_samples_leaf': 6, 'max_depth': 12}",0.3984526112185687,1.0,1.0,1.0,0.748062015503876,0.8293029253444889,0.23649293964175,20,0.9997278664731495,0.999969762941461,0.9991231253023706,0.9995162070633768,0.9997582205029014,0.999619036456652,0.00028661018664023644,PaaX
320,2.179958438873291,0.2539818592922356,0.44088401794433596,0.09590401841676044,50,0.003,5,13,"{'n_estimators': 50, 'min_samples_split': 0.003, 'min_samples_leaf': 5, 'max_depth': 13}",0.33849129593810445,1.0,1.0,1.0,0.740794573643411,0.8158571739163032,0.2589356354818303,21,0.9999395258829221,1.0,0.9998185776487662,1.0,1.0,0.9999516207063376,7.052433351291404e-05,PaaX
321,2.4011712074279785,0.33141859589658546,0.3692307949066162,0.09219486246406404,60,0.014000000000000002,5,5,"{'n_estimators': 60, 'min_samples_split': 0.014000000000000002, 'min_samples_leaf': 5, 'max_depth': 5}",0.3607350096711799,1.0,1.0,0.9999999999999999,0.7185077519379844,0.8158485523218328,0.25232472537160927,22,0.9997278664731495,0.999969762941461,0.9992440735365264,0.9992743105950652,0.9995164410058027,0.9995464909104008,0.00027513549239740933,PaaX
322,0.8712371349334717,0.039118868362975436,0.05376200675964356,0.040463927610998214,35,0.006,8,12,"{'n_estimators': 35, 'min_samples_split': 0.006, 'min_samples_leaf': 8, 'max_depth': 12}",0.3307543520309478,1.0,1.0,1.0,0.741279069767442,0.8144066843596779,0.2617639635297707,23,0.9997581035316885,0.9999092888243832,0.9991231253023707,0.9992743105950652,0.9996977756286268,0.9995525207764269,0.0003008082643626672,PaaX
323,1.6777409553527831,0.15710982475212398,0.16913108825683593,0.08146721832076133,70,0.019000000000000003,5,10,"{'n_estimators': 70, 'min_samples_split': 0.019000000000000003, 'min_samples_leaf': 5, 'max_depth': 10}",0.32011605415860733,1.0,1.0,1.0,0.7054263565891473,0.8051084821495509,0.26799339266293354,24,0.9989114658925979,0.999969762941461,0.9992138364779874,0.9992743105950653,0.9995164410058027,0.999377163382583,0.0003534688159811123,PaaX
324,2.7552221775054933,0.42966480816529806,0.34308757781982424,0.18020067397963094,65,0.014000000000000002,11,4,"{'n_estimators': 65, 'min_samples_split': 0.014000000000000002, 'min_samples_leaf': 11, 'max_depth': 4}",0.18085106382978722,1.0,1.0,1.0,0.7238372093023256,0.7809376546264226,0.31853706559578154,25,0.9997581035316885,0.9999395258829222,0.9991835994194485,0.9995162070633768,0.9995164410058026,0.9995827753806477,0.00025541492500251895,PaaX
325,2.31061372756958,0.26063892236880554,0.15831899642944336,0.048862451433818656,80,0.010000000000000002,14,11,"{'n_estimators': 80, 'min_samples_split': 0.010000000000000002, 'min_samples_leaf': 14, 'max_depth': 11}",0.9579303675048356,1.0,0.95357833655706,1.0,1.0,0.9823017408123791,0.021719497801407597,1,1.0,0.9999999999999999,1.0,0.9998185776487662,0.9998488878143135,0.999933493092616,8.201599666061615e-05,PhoB-1
326,2.0184998512268066,0.1619377289794806,0.21206517219543458,0.04290580146904611,80,0.015,6,4,"{'n_estimators': 80, 'min_samples_split': 0.015, 'min_samples_leaf': 6, 'max_depth': 4}",0.9231141199226306,0.9671179883945841,0.9468085106382979,1.0,1.0,0.9674081237911025,0.030036137597653657,2,1.0,0.999939525882922,0.9999092888243832,1.0,0.9998791102514506,0.9999455849917511,4.8363213104328994e-05,PhoB-1
327,2.215933418273926,0.0890564988536136,0.15051164627075195,0.02647678720362683,85,0.017,13,13,"{'n_estimators': 85, 'min_samples_split': 0.017, 'min_samples_leaf': 13, 'max_depth': 13}",0.9656673114119922,0.8762088974854932,0.9516441005802708,1.0,1.0,0.9587040618955512,0.04541913926198271,3,1.0,1.0,0.999969762941461,0.9999999999999999,0.9998791102514507,0.9999697746385824,4.6820398651132195e-05,PhoB-1
328,2.1053610324859617,0.10509118529514361,0.10982003211975097,0.051581150938190906,85,0.009000000000000001,5,5,"{'n_estimators': 85, 'min_samples_split': 0.009000000000000001, 'min_samples_leaf': 5, 'max_depth': 5}",0.769825918762089,0.9864603481624759,0.9825918762088975,1.0,1.0,0.9477756286266924,0.08925194428452354,4,1.0,1.0,1.0,0.999939525882922,0.9999395551257254,0.9999758162017296,2.961898434615354e-05,PhoB-1
329,0.7865719318389892,0.05640973828408878,0.08087549209594727,0.024169369252252194,25,0.012,14,3,"{'n_estimators': 25, 'min_samples_split': 0.012, 'min_samples_leaf': 14, 'max_depth': 3}",0.9076402321083172,1.0,0.7891682785299806,1.0,1.0,0.9393617021276596,0.08318091807469297,5,1.0,0.9999395258829222,0.9998488147073052,0.9999092888243832,0.999909332688588,0.9999213924206398,4.912724832431748e-05,PhoB-1
330,2.0854694843292236,0.2569321684322705,0.07761268615722657,0.027378506448555124,90,0.005,14,5,"{'n_estimators': 90, 'min_samples_split': 0.005, 'min_samples_leaf': 14, 'max_depth': 5}",0.8196324951644101,0.97678916827853,0.8655705996131529,1.0,0.9999999999999999,0.9323984526112186,0.07522313095238446,6,1.0,0.9998185776487664,1.0,0.9998185776487664,0.9998791102514507,0.9999032531097967,8.202763746266813e-05,PhoB-1
331,1.7776607513427733,0.13927474394850034,0.08715276718139649,0.016516563928535555,80,0.011,6,10,"{'n_estimators': 80, 'min_samples_split': 0.011, 'min_samples_leaf': 6, 'max_depth': 10}",0.8389748549323017,0.9961315280464217,0.7891682785299807,1.0,1.0,0.9248549323017409,0.09182610870603297,7,0.9999999999999999,0.9999395258829221,1.0,0.9998185776487662,0.9999395551257252,0.9999395317314826,6.62460771702317e-05,PhoB-1
332,2.1306031703948975,0.15594220577118115,0.16620950698852538,0.05324716226269692,65,0.014000000000000002,8,3,"{'n_estimators': 65, 'min_samples_split': 0.014000000000000002, 'min_samples_leaf': 8, 'max_depth': 3}",0.7993230174081238,0.9980657640232108,0.8259187620889749,1.0,1.0,0.9246615087040618,0.09186928610791346,8,1.0,1.0,1.0,0.9998185776487664,1.0,0.9999637155297533,7.256894049345597e-05,PhoB-1
333,2.484427070617676,0.1606855563726565,0.13876562118530272,0.026693887183490413,95,0.003,7,4,"{'n_estimators': 95, 'min_samples_split': 0.003, 'min_samples_leaf': 7, 'max_depth': 4}",0.789651837524178,0.9845261121856866,0.8471953578336557,1.0,1.0,0.9242746615087041,0.08850244615887469,9,1.0,0.9999999999999999,0.9998488147073051,0.9999395258829221,0.9999093326885882,0.999939534655763,5.7366163639857516e-05,PhoB-1
334,2.317629337310791,0.18114144484406636,0.13127036094665528,0.03741811740393953,85,0.012,9,3,"{'n_estimators': 85, 'min_samples_split': 0.012, 'min_samples_leaf': 9, 'max_depth': 3}",0.7316247582205029,0.8820116054158608,0.981624758220503,1.0,1.0,0.9190522243713733,0.10346155737382713,10,1.0,0.9998790517658442,1.0,0.9999395258829221,1.0,0.9999637155297532,4.837929366230398e-05,PhoB-1
335,1.7251645565032958,0.06864851260496652,0.13250298500061036,0.062203356869934105,60,0.016,14,13,"{'n_estimators': 60, 'min_samples_split': 0.016, 'min_samples_leaf': 14, 'max_depth': 13}",0.7640232108317215,0.9961315280464217,0.8133462282398451,1.0,1.0,0.9147001934235977,0.10407627549433109,11,1.0,0.9998790517658442,0.9998488147073052,0.9998488147073054,0.9999999999999999,0.9999153362360909,7.000385161335111e-05,PhoB-1
336,1.5922451972961427,0.09995742800196056,0.10834918022155762,0.07817594509652918,35,0.015,7,10,"{'n_estimators': 35, 'min_samples_split': 0.015, 'min_samples_leaf': 7, 'max_depth': 10}",0.8104448742746615,0.9226305609284333,0.803191489361702,0.9990328820116053,1.0,0.9070599613152804,0.08655916706424621,12,1.0,1.0,0.9998488147073052,0.9996673923560715,0.999909332688588,0.9998851079503929,0.0001230483511234524,PhoB-1
337,2.2724120140075685,0.1411781004548004,0.17539987564086915,0.0609660369843469,85,0.014000000000000002,14,5,"{'n_estimators': 85, 'min_samples_split': 0.014000000000000002, 'min_samples_leaf': 14, 'max_depth': 5}",0.9840425531914894,0.9845261121856866,0.5570599613152805,1.0,1.0,0.9051257253384912,0.1741748082932892,13,1.0,1.0,0.9999395258829221,0.999969762941461,0.9997582205029014,0.9999335018654568,9.046404177807614e-05,PhoB-1
338,1.166057014465332,0.07638855238668824,0.1030050277709961,0.03644242133717359,40,0.003,8,12,"{'n_estimators': 40, 'min_samples_split': 0.003, 'min_samples_leaf': 8, 'max_depth': 12}",0.789651837524178,0.9497098646034816,0.7804642166344294,1.0,1.0,0.9039651837524179,0.09885138106729244,14,1.0,1.0,0.9999999999999999,0.9998790517658442,0.999909332688588,0.9999576768908863,5.271206480282208e-05,PhoB-1
339,1.7134943962097169,0.1385635124839078,0.12955684661865235,0.034576655834515586,60,0.009000000000000001,8,10,"{'n_estimators': 60, 'min_samples_split': 0.009000000000000001, 'min_samples_leaf': 8, 'max_depth': 10}",0.5962282398452611,0.8994197292069632,0.965183752417795,1.0,0.9999999999999999,0.8921663442940038,0.15245964039860874,15,1.0,1.0,0.999969762941461,1.0,1.0,0.9999939525882923,1.20948234155982e-05,PhoB-1
340,1.4218081951141357,0.04669683277384952,0.1178290843963623,0.04415243242964289,55,0.013000000000000001,8,13,"{'n_estimators': 55, 'min_samples_split': 0.013000000000000001, 'min_samples_leaf': 8, 'max_depth': 13}",0.6615087040618955,0.7794970986460348,0.9893617021276596,1.0,1.0,0.8860735009671181,0.1402959902517162,16,1.0,1.0,0.9999092888243832,1.0,0.9997582205029014,0.9999335018654569,9.442016004061632e-05,PhoB-1
341,1.05419979095459,0.08223065162504013,0.10225849151611328,0.0353721253291997,30,0.015,5,11,"{'n_estimators': 30, 'min_samples_split': 0.015, 'min_samples_leaf': 5, 'max_depth': 11}",0.4864603481624758,1.0,0.9148936170212767,0.9990328820116054,1.0,0.8800773694390717,0.19952935580864564,17,1.0,1.0,0.9997883405902274,0.9998790517658442,0.9997884429400387,0.9998911670592221,9.482776567894319e-05,PhoB-1
342,2.550176668167114,0.1333966905280271,0.15968313217163085,0.06849349750401824,95,0.003,7,13,"{'n_estimators': 95, 'min_samples_split': 0.003, 'min_samples_leaf': 7, 'max_depth': 13}",0.5701160541586073,0.8181818181818182,0.9758220502901354,1.0,1.0,0.8728239845261122,0.16587581910871446,18,1.0,1.0,0.9999697629414611,1.0,1.0,0.9999939525882923,1.2094823415553789e-05,PhoB-1
343,2.1850939273834227,0.13335177094539416,0.13736701011657715,0.05565462517857745,90,0.005,7,4,"{'n_estimators': 90, 'min_samples_split': 0.005, 'min_samples_leaf': 7, 'max_depth': 4}",0.8941005802707931,0.5696324951644101,0.8684719535783366,1.0,1.0,0.866441005802708,0.15782298860301186,19,1.0,1.0,0.9998488147073052,0.9998185776487662,0.9999697775628626,0.9999274339837868,7.791703846483285e-05,PhoB-1
344,1.437595748901367,0.26673736428888545,0.1495488166809082,0.09208345502228078,40,0.004,7,13,"{'n_estimators': 40, 'min_samples_split': 0.004, 'min_samples_leaf': 7, 'max_depth': 13}",0.5357833655705996,0.9158607350096712,0.8152804642166344,1.0,1.0,0.8533849129593811,0.1727529378936596,20,1.0,0.9997581035316884,0.9998790517658442,0.9999395258829221,0.999727998065764,0.9998609358492437,0.00010400995881523217,PhoB-1
345,0.5157387256622314,0.08298638576468415,0.06290678977966309,0.03760949334299,10,0.013000000000000001,11,14,"{'n_estimators': 10, 'min_samples_split': 0.013000000000000001, 'min_samples_leaf': 11, 'max_depth': 14}",0.941972920696325,0.3916827852998066,0.9255319148936171,1.0,1.0,0.8518375241779499,0.23203528831793216,21,1.0,0.9996673923560716,0.9999092888243832,0.9997278664731495,0.9999395551257254,0.999848820555866,0.0001282891108396489,PhoB-1
346,1.0799176692962646,0.08452643788140986,0.11710119247436523,0.016193981511577606,35,0.005,14,5,"{'n_estimators': 35, 'min_samples_split': 0.005, 'min_samples_leaf': 14, 'max_depth': 5}",0.7606382978723405,0.6411992263056092,0.687137330754352,1.0,1.0,0.8177949709864603,0.1535719417520866,22,1.0,1.0,0.999969762941461,1.0,0.9998488878143134,0.999963730151155,5.860317857564165e-05,PhoB-1
347,1.312632179260254,0.03874661510669364,0.11259398460388184,0.028215574506388112,45,0.004,5,13,"{'n_estimators': 45, 'min_samples_split': 0.004, 'min_samples_leaf': 5, 'max_depth': 13}",0.9908123791102514,0.3781431334622824,0.6774661508704062,1.0,1.0,0.809284332688588,0.2485784101171653,23,1.0,1.0,0.9998790517658442,1.0,0.9999093326885881,0.9999576768908864,5.271206480281954e-05,PhoB-1
348,0.4706454277038574,0.05527404301958504,0.08811182975769043,0.041342767125783324,10,0.004,14,14,"{'n_estimators': 10, 'min_samples_split': 0.004, 'min_samples_leaf': 14, 'max_depth': 14}",0.898936170212766,0.425531914893617,0.6624758220502902,1.0,1.0,0.7973887814313347,0.22311141600029677,24,1.0,0.9998488147073052,0.999969762941461,1.0,0.9998488878143134,0.999933493092616,6.998617213466038e-05,PhoB-1
349,0.6989658355712891,0.08557956505650358,0.09460501670837403,0.03997196883107406,15,0.012,9,6,"{'n_estimators': 15, 'min_samples_split': 0.012, 'min_samples_leaf': 9, 'max_depth': 6}",0.3704061895551257,0.8771760154738878,0.6499032882011605,1.0,1.0,0.7794970986460348,0.2412194674607106,25,0.9998790517658442,1.0,0.9999092888243831,0.9999092888243831,0.9999697775628626,0.9999334813954945,4.444160683143268e-05,PhoB-1
350,1.0377635955810547,0.09472016789201464,0.145468807220459,0.11039741147027564,20,0.011,5,4,"{'n_estimators': 20, 'min_samples_split': 0.011, 'min_samples_leaf': 5, 'max_depth': 4}",0.754126213592233,0.8213592233009709,0.9999999999999999,0.8482490272373542,0.959387159533074,0.8766243247327263,0.09048361205107489,1,0.9990682223302544,0.9991897585480474,0.998742354084491,0.9997713371062711,0.9996355685131195,0.9992814481164368,0.0003767989028199913,PhoB-2
351,0.8103249549865723,0.04459652770850737,0.054644536972045896,0.029030409652455527,15,0.018000000000000002,8,9,"{'n_estimators': 15, 'min_samples_split': 0.018000000000000002, 'min_samples_leaf': 8, 'max_depth': 9}",0.7118932038834952,0.8203883495145632,1.0,0.8647859922178989,0.9564688715953308,0.8707072834422576,0.10184363036036993,2,0.9990682223302545,0.9988386539188678,0.9986851883610587,0.9997999199679872,0.9992036497138538,0.9991191268584044,0.0003847550731116812,PhoB-2
352,2.720584344863892,0.2154172736389902,0.13010993003845214,0.026901928857365753,75,0.017,14,9,"{'n_estimators': 75, 'min_samples_split': 0.017, 'min_samples_leaf': 14, 'max_depth': 9}",0.6427184466019417,0.9932038834951457,1.0,0.8303501945525292,0.8295233463035019,0.8591591741906237,0.13142218265472705,3,0.9990547183060551,0.9990547183060553,0.9986280226376265,0.9997856285371292,0.9995815786632114,0.9992209332900155,0.0004137012668152112,PhoB-2
353,3.215182399749756,0.2120750390852911,0.131217098236084,0.03264179714139619,85,0.011,7,8,"{'n_estimators': 85, 'min_samples_split': 0.011, 'min_samples_leaf': 7, 'max_depth': 8}",0.6565533980582524,0.9800970873786408,1.0,0.8379377431906615,0.7626459143968871,0.8474468286048884,0.13006958202227065,4,0.9994058229352347,0.9990142062334575,0.9986994797919168,0.9998856685531355,0.9995275888133031,0.9993065532654095,0.0004118472256960161,PhoB-2
354,2.514658260345459,0.3109951185884227,0.08528218269348145,0.05792919269389277,75,0.008,14,8,"{'n_estimators': 75, 'min_samples_split': 0.008, 'min_samples_leaf': 14, 'max_depth': 8}",0.6155339805825243,0.9902912621359223,1.0,0.8311284046692607,0.7940175097276265,0.8461942314230668,0.14182644989442827,5,0.9993518068384378,0.9990007022092584,0.9987137712227748,0.9998999599839935,0.9995545837382572,0.9993041647985444,0.0004148747834570277,PhoB-2
355,1.531899881362915,0.08960803033200808,0.12987885475158692,0.0268934916730989,40,0.017,10,3,"{'n_estimators': 40, 'min_samples_split': 0.017, 'min_samples_leaf': 10, 'max_depth': 3}",0.5148058252427183,0.9009708737864077,1.0,0.8239299610894941,0.9837062256809338,0.8446825771599109,0.17656091954455808,6,0.9993383028142385,0.9988791659914654,0.9987137712227749,0.9997284628136969,0.9995545837382572,0.9992428573160866,0.0003884068430001185,PhoB-2
356,2.1936337471008303,0.13149897927921397,0.10689430236816407,0.037775533882982965,60,0.018000000000000002,7,12,"{'n_estimators': 60, 'min_samples_split': 0.018000000000000002, 'min_samples_leaf': 7, 'max_depth': 12}",0.6216019417475729,0.7684466019417475,1.0,0.8324902723735409,0.9803015564202335,0.8405680744966191,0.14011203361732233,7,0.9992842867174416,0.9990547183060552,0.9985708569141942,0.9998856685531357,0.9995545837382571,0.9992700228458169,0.0004461809142632417,PhoB-2
357,2.5978140354156496,0.1826447065942653,0.10152974128723144,0.03623249488702293,70,0.019000000000000003,13,11,"{'n_estimators': 70, 'min_samples_split': 0.019000000000000003, 'min_samples_leaf': 13, 'max_depth': 11}",0.5686893203883495,0.908252427184466,1.0,0.8274319066147859,0.8582198443579767,0.8325186997091155,0.1442760888834064,8,0.9993112947658401,0.9989466861124616,0.9986566054993427,0.9999142514148516,0.9995545837382572,0.9992766843061507,0.0004423379547072082,PhoB-2
358,3.33138689994812,0.2296735747407089,0.14845843315124513,0.05008946452896222,85,0.010000000000000002,10,9,"{'n_estimators': 85, 'min_samples_split': 0.010000000000000002, 'min_samples_leaf': 10, 'max_depth': 9}",0.6609223300970873,0.766747572815534,1.0,0.8276264591439689,0.868920233463035,0.824843319103925,0.11213883313483974,9,0.9994058229352346,0.999041214281856,0.9989138512547876,0.9999285428457096,0.9995815786632113,0.99937420199616,0.0003671790751838152,PhoB-2
359,2.4929091930389404,0.23252887764148295,0.1471646785736084,0.014952678716294429,60,0.009000000000000001,12,9,"{'n_estimators': 60, 'min_samples_split': 0.009000000000000001, 'min_samples_leaf': 12, 'max_depth': 9}",0.7599514563106796,0.8211165048543689,1.0,0.8398832684824903,0.6532101167315175,0.8148322692758112,0.1132146249425137,10,0.9990682223302544,0.99897369416086,0.9985708569141943,0.9998713771222776,0.999500593888349,0.999196948883187,0.00044843240046878294,PhoB-2
360,2.594331741333008,0.21612058557659736,0.11183485984802247,0.04941357640593897,70,0.009000000000000001,6,7,"{'n_estimators': 70, 'min_samples_split': 0.009000000000000001, 'min_samples_leaf': 6, 'max_depth': 7}",0.6033980582524272,0.7941747572815534,1.0,0.8445525291828794,0.8309824902723736,0.8146215669978467,0.12693474575887506,11,0.9994058229352346,0.9990277102576568,0.9988138112387813,0.9998999599839936,0.9995815786632114,0.9993457766157755,0.00038742244182612143,PhoB-2
361,3.5462858200073244,0.16500173568105592,0.13546228408813477,0.02272762771607459,95,0.013000000000000001,6,8,"{'n_estimators': 95, 'min_samples_split': 0.013000000000000001, 'min_samples_leaf': 6, 'max_depth': 8}",0.3798543689320389,0.8815533980582524,1.0,0.8346303501945526,0.9615758754863812,0.811522798534245,0.22352425295874584,12,0.9993112947658402,0.9987441257494732,0.9986280226376265,0.9998856685531357,0.9996220710506425,0.9992382365513436,0.0004875122824136488,PhoB-2
362,2.1902929306030274,0.20371894897092185,0.16111598014831544,0.03442394708824125,60,0.008,10,3,"{'n_estimators': 60, 'min_samples_split': 0.008, 'min_samples_leaf': 10, 'max_depth': 3}",0.6757281553398058,0.8713592233009709,1.0,0.8282101167315175,0.659046692607004,0.8068688375958596,0.12725043892011065,13,0.999365310862637,0.9991492464754497,0.9986851883610587,0.9996712970902647,0.9995275888133031,0.9992797263205425,0.00034426401848188274,PhoB-2
363,2.0886677265167237,0.19887182812867193,0.11327481269836426,0.0337596160981301,55,0.004,9,4,"{'n_estimators': 55, 'min_samples_split': 0.004, 'min_samples_leaf': 9, 'max_depth': 4}",0.48567961165048545,0.9140776699029126,1.0,0.8303501945525292,0.7679961089494165,0.7996207170110688,0.1753600213141485,14,0.9993383028142386,0.9989736941608599,0.9989138512547876,0.9997284628136969,0.9995545837382572,0.9993017789563681,0.00031794052863449225,PhoB-2
364,1.0639725208282471,0.0639229922595443,0.11429123878479004,0.04535214257866174,25,0.004,6,13,"{'n_estimators': 25, 'min_samples_split': 0.004, 'min_samples_leaf': 6, 'max_depth': 13}",0.5723300970873786,0.8381067961165047,1.0,0.8643968871595331,0.7183852140077821,0.7986437988742396,0.1442805936801155,15,0.9994463350078323,0.9992167665964458,0.9989281426856458,0.9998713771222775,0.9995545837382572,0.9994034410300918,0.00031761739824454733,PhoB-2
365,2.981282091140747,0.12747917310448126,0.15106863975524903,0.07449371315458152,75,0.013000000000000001,7,4,"{'n_estimators': 75, 'min_samples_split': 0.013000000000000001, 'min_samples_leaf': 7, 'max_depth': 4}",0.5470873786407767,0.8567961165048543,1.0,0.829182879377432,0.7264105058365758,0.7918953760719278,0.15041889665047795,16,0.9993788148868363,0.9987711337978717,0.9987852283770651,0.9995998399359745,0.9996085735881654,0.9992287181171825,0.00037699262124027763,PhoB-2
366,0.6167754173278809,0.05091634436119135,0.11633315086364746,0.028209400432913607,10,0.015,6,4,"{'n_estimators': 10, 'min_samples_split': 0.015, 'min_samples_leaf': 6, 'max_depth': 4}",0.36019417475728155,0.9507281553398057,1.0,0.9169260700389105,0.708171206225681,0.7872039212723357,0.2355562250488562,17,0.9993923189110355,0.9985685734348836,0.9987423540844909,0.9998570856914193,0.9993386243386243,0.9991797912920907,0.00046777392154949784,PhoB-2
367,0.6985189914703369,0.06459418805143292,0.10718936920166015,0.03339566468026136,15,0.019000000000000003,6,4,"{'n_estimators': 15, 'min_samples_split': 0.019000000000000003, 'min_samples_leaf': 6, 'max_depth': 4}",0.4371359223300971,0.8179611650485438,1.0,0.858171206225681,0.816147859922179,0.7858832307053001,0.18689096770595867,18,0.9991762545238481,0.9986901096526766,0.9986851883610588,0.9996855885211227,0.9996625634380737,0.9991799408993559,0.0004412102324325726,PhoB-2
368,1.4264853954315186,0.10950845868406185,0.10244612693786621,0.05247553067647406,35,0.018000000000000002,11,6,"{'n_estimators': 35, 'min_samples_split': 0.018000000000000002, 'min_samples_leaf': 11, 'max_depth': 6}",0.270631067961165,0.9106796116504854,1.0,0.893385214007782,0.8107976653696498,0.7770987117978164,0.26026774114713325,19,0.9991492464754497,0.9987306217252743,0.9987709369462071,0.9997999199679872,0.9995275888133031,0.9991956627856442,0.00041811752668792236,PhoB-2
369,1.6246636867523194,0.1129746881344418,0.08646655082702637,0.03289620278291124,40,0.010000000000000002,10,5,"{'n_estimators': 40, 'min_samples_split': 0.010000000000000002, 'min_samples_leaf': 10, 'max_depth': 5}",0.3805825242718447,0.9031553398058253,1.0,0.8453307392996109,0.676556420233463,0.7611250047221488,0.21738855080173608,20,0.9990142062334576,0.9991762545238482,0.9987995198079231,0.9997141713828388,0.9995275888133031,0.9992463481522741,0.00033359059968924025,PhoB-2
370,3.2071441173553468,0.25679502610368765,0.136185884475708,0.019060237490555243,85,0.004,11,7,"{'n_estimators': 85, 'min_samples_split': 0.004, 'min_samples_leaf': 11, 'max_depth': 7}",0.4378640776699029,0.7803398058252426,1.0,0.8324902723735409,0.7373540856031129,0.7576096482943598,0.1830433655054173,21,0.999365310862637,0.9989061740398639,0.9987566455153489,0.9998427942605614,0.9995275888133031,0.9992797026983429,0.00039974013223899806,PhoB-2
371,0.8127120494842529,0.06011102533414243,0.10289630889892579,0.008796766341348067,15,0.003,8,13,"{'n_estimators': 15, 'min_samples_split': 0.003, 'min_samples_leaf': 8, 'max_depth': 13}",0.33106796116504855,0.84126213592233,1.0,0.875875486381323,0.7261673151750972,0.7548745797287598,0.2291840561276254,22,0.999365310862637,0.9989871981850592,0.9989710169782199,0.9997427542445549,0.999500593888349,0.999313374831764,0.00029856828743824457,PhoB-2
372,2.4115833759307863,0.10185549652088799,0.08898310661315918,0.022786087084985418,55,0.004,7,10,"{'n_estimators': 55, 'min_samples_split': 0.004, 'min_samples_leaf': 7, 'max_depth': 10}",0.15922330097087378,0.9825242718446602,1.0,0.8429961089494163,0.7721303501945525,0.7513748063919007,0.308127643462585,23,0.9994868470804301,0.9990547183060553,0.9989138512547877,0.9998427942605613,0.999500593888349,0.9993597609580366,0.0003350201340494751,PhoB-2
373,2.448561954498291,0.1216947696205661,0.11080036163330079,0.04661170720003537,65,0.013000000000000001,7,14,"{'n_estimators': 65, 'min_samples_split': 0.013000000000000001, 'min_samples_leaf': 7, 'max_depth': 14}",0.26674757281553396,0.7757281553398059,1.0,0.8357976653696497,0.6536964980544747,0.7063939783158928,0.24650477666412343,24,0.9990412142818559,0.9989061740398638,0.998742354084491,0.9997856285371292,0.9996085735881654,0.9992167889063011,0.0004073009223390032,PhoB-2
374,1.5131000518798827,0.09091914662574396,0.11844325065612793,0.02136340915323936,40,0.010000000000000002,12,6,"{'n_estimators': 40, 'min_samples_split': 0.010000000000000002, 'min_samples_leaf': 12, 'max_depth': 6}",0.18980582524271847,0.8026699029126213,1.0,0.8492217898832686,0.6434824902723735,0.6970360016621964,0.2779412347858435,25,0.9990682223302544,0.9987711337978719,0.9987137712227748,0.9998570856914194,0.9995815786632113,0.9991983583411063,0.00045056861946653583,PhoB-2
375,2.678589677810669,0.17367335873856768,0.13552660942077638,0.043492152035099194,80,0.006,10,12,"{'n_estimators': 80, 'min_samples_split': 0.006, 'min_samples_leaf': 10, 'max_depth': 12}",0.5503875968992248,0.917312661498708,0.9018087855297158,0.7551679586563308,0.9504854368932039,0.8150324878954367,0.14829669000152138,1,1.0,1.0,0.9998586201324933,1.0,1.0,0.9999717240264987,5.655194700269206e-05,PhoP
376,3.203796625137329,0.2045051616109899,0.15484309196472168,0.030266861016275813,95,0.011,6,9,"{'n_estimators': 95, 'min_samples_split': 0.011, 'min_samples_leaf': 6, 'max_depth': 9}",0.3301033591731266,0.8397932816537468,0.9928940568475453,0.8636950904392765,0.9938511326860842,0.8040673841599559,0.24541682241137436,2,1.0,1.0,0.9999999999999999,1.0,1.0,1.0,4.965068306494546e-17,PhoP
377,2.4621843814849855,0.1186152128322892,0.1428452968597412,0.05320957175459567,75,0.006,11,6,"{'n_estimators': 75, 'min_samples_split': 0.006, 'min_samples_leaf': 11, 'max_depth': 6}",0.44896640826873385,0.9709302325581395,0.9198966408268734,0.6828165374677002,0.9750809061488673,0.7995381450540628,0.20552428199447048,3,1.0,1.0,1.0,0.9999596057521409,1.0,0.9999919211504281,1.61576991436263e-05,PhoP
378,2.539781999588013,0.21232375362594244,0.09847331047058105,0.046296798529133515,80,0.013000000000000001,10,7,"{'n_estimators': 80, 'min_samples_split': 0.013000000000000001, 'min_samples_leaf': 10, 'max_depth': 7}",0.4909560723514212,0.8649870801033591,0.9838501291989664,0.7105943152454779,0.9381877022653722,0.7977150598329195,0.17921799718179507,4,1.0,0.9999999999999999,0.9999596057521408,1.0,0.9999999999999999,0.9999919211504281,1.6157699143648507e-05,PhoP
379,2.482110023498535,0.10474827864373776,0.11640920639038085,0.01824352695474836,75,0.012,8,11,"{'n_estimators': 75, 'min_samples_split': 0.012, 'min_samples_leaf': 8, 'max_depth': 11}",0.5891472868217054,0.8449612403100775,0.9838501291989664,0.5487726098191215,0.9711974110032362,0.7875857354306215,0.185437016304005,5,1.0,1.0,0.9998384230085636,1.0,1.0,0.9999676846017127,6.463079657454962e-05,PhoP
380,3.112163782119751,0.13791137107738152,0.12443175315856933,0.05004768025303825,95,0.018000000000000002,10,11,"{'n_estimators': 95, 'min_samples_split': 0.018000000000000002, 'min_samples_leaf': 10, 'max_depth': 11}",0.6518087855297157,0.687984496124031,0.9735142118863048,0.8152454780361758,0.7401294498381876,0.773736484282883,0.11400292712856444,6,1.0,1.0,0.9999596057521409,1.0,1.0,0.9999919211504281,1.61576991436263e-05,PhoP
381,2.434454345703125,0.14560726682165556,0.125062894821167,0.03976636253839045,70,0.006,11,8,"{'n_estimators': 70, 'min_samples_split': 0.006, 'min_samples_leaf': 11, 'max_depth': 8}",0.5342377260981912,0.859173126614987,0.8410852713178295,0.6298449612403101,0.940453074433657,0.760958831940995,0.15289066941983973,7,1.0,1.0,0.9998384230085636,0.9998788172564227,1.0,0.9999434480529974,7.042977772725422e-05,PhoP
382,1.394988489151001,0.0751461526749886,0.11419820785522461,0.016762466198484045,35,0.015,8,14,"{'n_estimators': 35, 'min_samples_split': 0.015, 'min_samples_leaf': 8, 'max_depth': 14}",0.4024547803617571,0.9173126614987079,0.7932816537467701,0.5287467700258398,0.9957928802588997,0.727517749178395,0.2269336386224694,8,1.0,0.9999999999999999,0.9999394086282114,1.0,1.0,0.9999878817256423,2.423654871542835e-05,PhoP
383,0.7474962711334229,0.0529914800353516,0.0891493797302246,0.042236824636147814,15,0.008,14,12,"{'n_estimators': 15, 'min_samples_split': 0.008, 'min_samples_leaf': 14, 'max_depth': 12}",0.17829457364341084,0.9066537467700259,0.9483204134366925,0.7784237726098191,0.7889967637540453,0.7201378540427987,0.2787789077083038,9,0.9996970431410568,1.0,0.9998586201324932,0.9998990143803522,1.0,0.9998909355307803,0.00011179796819433495,PhoP
384,3.1073965549468996,0.34063932803491165,0.17059650421142578,0.03164269231846069,85,0.009000000000000001,7,11,"{'n_estimators': 85, 'min_samples_split': 0.009000000000000001, 'min_samples_leaf': 7, 'max_depth': 11}",0.3853359173126615,0.8223514211886305,0.9043927648578811,0.47803617571059426,0.993851132686084,0.7167934823511704,0.2408178065481323,10,1.0,1.0,1.0,1.0,1.0,1.0,0.0,PhoP
385,2.2539176464080812,0.15118018565054248,0.13939256668090821,0.02791829876962903,60,0.007,9,5,"{'n_estimators': 60, 'min_samples_split': 0.007, 'min_samples_leaf': 9, 'max_depth': 5}",0.3381782945736434,0.8107235142118863,0.952842377260982,0.6921834625322997,0.7233009708737863,0.7034457238905195,0.20378840952912322,11,0.9999596057521409,1.0,1.0,1.0,1.0,0.9999919211504281,1.61576991436263e-05,PhoP
386,3.0386235237121584,0.14922223472609136,0.13716630935668944,0.055179935501994196,90,0.016,10,6,"{'n_estimators': 90, 'min_samples_split': 0.016, 'min_samples_leaf': 10, 'max_depth': 6}",0.5442506459948321,0.7125322997416019,0.687984496124031,0.6117571059431525,0.9459546925566342,0.7004958480720502,0.13626340811739415,12,1.0,1.0,1.0,1.0,1.0,1.0,0.0,PhoP
387,0.9411402702331543,0.09368412133813951,0.11534652709960938,0.01195598655800444,25,0.007,14,5,"{'n_estimators': 25, 'min_samples_split': 0.007, 'min_samples_leaf': 14, 'max_depth': 5}",0.35206718346253224,0.9024547803617571,0.8714470284237725,0.6563307493540051,0.7187702265372168,0.7002139936278567,0.19682396315501915,13,0.9999798028760705,0.9999596057521409,1.0,1.0,1.0,0.9999878817256423,1.6157699143626305e-05,PhoP
388,0.9870301246643066,0.09638469901370753,0.07704548835754395,0.0327980378040024,25,0.009000000000000001,11,11,"{'n_estimators': 25, 'min_samples_split': 0.009000000000000001, 'min_samples_leaf': 11, 'max_depth': 11}",0.5125968992248062,0.40019379844961234,0.9631782945736433,0.8194444444444444,0.8006472491909384,0.6992121371766891,0.20912208675418462,14,1.0,0.9998788172564227,0.9999192115042818,1.0,1.0,0.9999596057521408,5.1095131041663866e-05,PhoP
389,1.9902134895324708,0.16461312547175755,0.111993408203125,0.039853280804835585,60,0.005,5,3,"{'n_estimators': 60, 'min_samples_split': 0.005, 'min_samples_leaf': 5, 'max_depth': 3}",0.30878552971576234,0.8417312661498708,0.9916020671834626,0.3811369509043927,0.9200647249190939,0.6886641077745164,0.285526844313951,15,1.0,0.9999596057521409,0.9996768460171271,1.0,1.0,0.9999272903538536,0.00012619566450003676,PhoP
390,2.8554091930389403,0.15330248927450188,0.10868310928344727,0.040482997863396236,80,0.009000000000000001,12,12,"{'n_estimators': 80, 'min_samples_split': 0.009000000000000001, 'min_samples_leaf': 12, 'max_depth': 12}",0.4321705426356589,0.7344961240310077,0.8249354005167959,0.4450904392764857,0.9796116504854369,0.683260831389077,0.21461221564209845,16,0.9999999999999999,1.0,0.9997576345128454,1.0,1.0,0.9999515269025692,9.694619486183552e-05,PhoP
391,2.2260720252990724,0.13784210958912813,0.09630780220031739,0.025528452757148747,65,0.010000000000000002,12,4,"{'n_estimators': 65, 'min_samples_split': 0.010000000000000002, 'min_samples_leaf': 12, 'max_depth': 4}",0.3301033591731266,0.8074935400516795,0.9954780361757106,0.47448320413436695,0.7818770226537217,0.6778870324377211,0.2411648445749045,17,0.9999596057521409,1.0,0.9999596057521409,0.9999999999999999,1.0,0.9999838423008564,1.9789059159626453e-05,PhoP
392,2.282737922668457,0.10145440241095377,0.14205536842346192,0.03175130818006052,70,0.015,12,4,"{'n_estimators': 70, 'min_samples_split': 0.015, 'min_samples_leaf': 12, 'max_depth': 4}",0.21770025839793283,0.8617571059431524,0.9618863049095607,0.33204134366925064,0.8656957928802589,0.647816161160031,0.3087379931716462,18,1.0,1.0,0.9998788172564227,1.0,1.0,0.9999757634512847,4.8473097430923316e-05,PhoP
393,0.5787842750549317,0.060866320756935835,0.09203987121582032,0.034470589435107814,10,0.012,10,7,"{'n_estimators': 10, 'min_samples_split': 0.012, 'min_samples_leaf': 10, 'max_depth': 7}",0.40600775193798455,0.5700904392764857,0.9079457364341086,0.710594315245478,0.6375404530744336,0.6464357391936981,0.16505583875046514,19,1.0,1.0,0.9997778316367749,1.0,1.0,0.999955566327355,8.886734529003349e-05,PhoP
394,1.5093314170837402,0.05704474998828886,0.1184356689453125,0.030334238822324663,45,0.014000000000000002,13,3,"{'n_estimators': 45, 'min_samples_split': 0.014000000000000002, 'min_samples_leaf': 13, 'max_depth': 3}",0.3029715762273901,0.6892764857881137,0.9127906976744187,0.4948320413436692,0.7116504854368931,0.622304257294097,0.20739957905173922,20,1.0,1.0,0.9999394086282114,1.0,1.0,0.9999878817256423,2.4236548715439452e-05,PhoP
395,1.3537683486938477,0.09178514252838484,0.09417953491210937,0.022059370899444854,35,0.001,9,13,"{'n_estimators': 35, 'min_samples_split': 0.001, 'min_samples_leaf': 9, 'max_depth': 13}",0.37209302325581395,0.6576227390180878,0.8475452196382429,0.4379844961240309,0.7563106796116505,0.6143112315295652,0.1823176355615351,21,0.9998182258846341,1.0,0.9998990143803523,1.0,1.0,0.9999434480529972,7.382318178416826e-05,PhoP
396,0.8712512016296386,0.09977555147007001,0.1068347454071045,0.023436519459605218,20,0.015,10,14,"{'n_estimators': 20, 'min_samples_split': 0.015, 'min_samples_leaf': 10, 'max_depth': 14}",0.30587855297157623,0.46253229974160204,0.9224806201550388,0.25872093023255816,0.9491909385113269,0.5797606683224205,0.29858201783027105,22,1.0,1.0,0.9998586201324932,0.9999192115042819,1.0,0.999955566327355,5.7694526002104984e-05,PhoP
397,1.940026044845581,0.08482588771097514,0.12065095901489258,0.041722095685866815,55,0.009000000000000001,6,9,"{'n_estimators': 55, 'min_samples_split': 0.009000000000000001, 'min_samples_leaf': 6, 'max_depth': 9}",0.4392764857881137,0.6708656330749353,0.38436692506459946,0.5729974160206719,0.7731391585760518,0.5681291237048745,0.14351247539688924,23,1.0,1.0,1.0,0.9999999999999999,1.0,1.0,4.965068306494546e-17,PhoP
398,0.7268000602722168,0.03846947622983949,0.10261001586914062,0.011645087322528436,15,0.013000000000000001,10,6,"{'n_estimators': 15, 'min_samples_split': 0.013000000000000001, 'min_samples_leaf': 10, 'max_depth': 6}",0.45090439276485783,0.6960594315245477,0.5555555555555556,0.33236434108527135,0.7944983818770226,0.565876420561451,0.16557088888486202,24,1.0,0.999818225884634,0.9998384230085635,0.9998182258846341,1.0,0.9998949749555663,8.606913779553973e-05,PhoP
399,0.6427541732788086,0.023967471397360194,0.0800541877746582,0.03851684791889403,10,0.018000000000000002,13,6,"{'n_estimators': 10, 'min_samples_split': 0.018000000000000002, 'min_samples_leaf': 13, 'max_depth': 6}",0.6579457364341085,0.6379198966408267,0.3701550387596899,0.41343669250645987,0.6252427184466018,0.5409400165575373,0.12298535478347461,25,1.0,0.999959605752141,1.0,0.9997172402649863,0.9997577519379844,0.9998869195910224,0.00012355807709950987,PhoP
400,1.7655913829803467,0.09600941870984833,0.06475133895874023,0.024953192249594556,55,0.019000000000000003,12,6,"{'n_estimators': 55, 'min_samples_split': 0.019000000000000003, 'min_samples_leaf': 12, 'max_depth': 6}",0.9945090439276486,0.8024271844660193,0.941747572815534,0.9635922330097088,0.8983818770226537,0.9201315822483128,0.06665652399182351,1,0.9997087378640777,0.999705413460872,0.9994801414015386,0.9992895265821029,0.9996603590490054,0.9995688356715193,0.000162777692336269,PurR-1
401,2.6707950592041017,0.0877199054020429,0.07991771697998047,0.02655156696836856,90,0.016,14,11,"{'n_estimators': 90, 'min_samples_split': 0.016, 'min_samples_leaf': 14, 'max_depth': 11}",0.9899870801033591,0.7344660194174757,0.9029126213592232,0.9640776699029127,0.9365695792880259,0.9056025940141993,0.09032606853755591,2,0.9996440129449838,0.9993588410618979,0.9992028834823594,0.9995321272613849,0.9995471453986737,0.99945700202986,0.00015681487272786005,PurR-1
402,1.8788218021392822,0.13322996250681424,0.07133250236511231,0.02190499460454458,60,0.012,14,6,"{'n_estimators': 60, 'min_samples_split': 0.012, 'min_samples_leaf': 14, 'max_depth': 6}",0.9938630490956072,0.6907766990291262,0.8893203883495147,0.9990291262135922,0.9061488673139159,0.8958276260003514,0.11176425962138825,3,0.999611650485437,0.9995321272613849,0.9992028834823594,0.9990989117626672,0.999757399320718,0.9994405944625132,0.00024950242960328586,PurR-1
403,2.704218053817749,0.1796297868537309,0.08753743171691894,0.022673122871459728,90,0.009000000000000001,5,11,"{'n_estimators': 90, 'min_samples_split': 0.009000000000000001, 'min_samples_leaf': 5, 'max_depth': 11}",0.99515503875969,0.5898058252427185,0.9966019417475728,0.979126213592233,0.913915857605178,0.8949209753894785,0.15552007517968236,4,0.99957928802589,0.9994974700214876,0.9992721979621542,0.9992202121023082,0.9996441856703866,0.9994426707564454,0.00016782391051004168,PurR-1
404,1.4412421703338623,0.06411992632811682,0.05870509147644043,0.017482870815517103,35,0.009000000000000001,7,12,"{'n_estimators': 35, 'min_samples_split': 0.009000000000000001, 'min_samples_leaf': 7, 'max_depth': 12}",0.9919250645994833,0.7121359223300971,0.9014563106796116,0.8679611650485437,0.9812297734627833,0.890941647224104,0.10095518242069283,5,0.9996763754045307,0.9995147986414361,0.9992548693422055,0.9994801414015388,0.999611838913149,0.9995076047405721,0.0001442424823232148,PurR-1
405,1.7468825340270997,0.3117588743605696,0.027854776382446288,0.0102351799871616,60,0.019000000000000003,9,9,"{'n_estimators': 60, 'min_samples_split': 0.019000000000000003, 'min_samples_leaf': 9, 'max_depth': 9}",0.9861111111111112,0.8194174757281554,0.9766990291262135,0.9427184466019418,0.7268608414239482,0.890361380798274,0.1011226253176242,6,0.9996116504854369,0.9995494558813336,0.9995147986414362,0.9993588410618979,0.9994501051269611,0.9994969702394132,8.660272720965635e-05,PurR-1
406,2.249388599395752,0.10961284055063163,0.11851530075073242,0.033030324579365535,70,0.002,9,13,"{'n_estimators': 70, 'min_samples_split': 0.002, 'min_samples_leaf': 9, 'max_depth': 13}",0.9622093023255813,0.7432038834951457,1.0,0.9781553398058253,0.7517799352750809,0.8870696921803265,0.11462678558915025,7,0.9997087378640777,0.9995321272613849,0.9995494558813336,0.9994454841616414,0.9995794921559115,0.9995630594648697,8.539091281553848e-05,PurR-1
407,2.3907644271850588,0.09885169408077325,0.11745319366455079,0.024381153511670303,80,0.011,9,7,"{'n_estimators': 80, 'min_samples_split': 0.011, 'min_samples_leaf': 9, 'max_depth': 7}",0.9951550387596899,0.6351941747572816,0.9543689320388349,0.908252427184466,0.8922330097087379,0.8770407164898021,0.12619458978180476,8,0.9997087378640777,0.9996360989810772,0.9991162403826159,0.9992895265821029,0.9997088791848616,0.999491896598947,0.0002437076611234609,PurR-1
408,2.0310428619384764,0.04417379084472411,0.12052569389343262,0.02005097086934555,65,0.011,11,8,"{'n_estimators': 65, 'min_samples_split': 0.011, 'min_samples_leaf': 11, 'max_depth': 8}",0.9899870801033591,0.7657766990291263,0.9694174757281553,0.9131067961165048,0.731715210355987,0.8740006522666265,0.10587169892155326,9,0.9995792880258899,0.9993588410618979,0.9992028834823595,0.9993415124419491,0.9995471453986737,0.999405934082154,0.00013970660119153557,PurR-1
409,1.037175703048706,0.0653737905831358,0.06835603713989258,0.03596910283509353,30,0.004,10,5,"{'n_estimators': 30, 'min_samples_split': 0.004, 'min_samples_leaf': 10, 'max_depth': 5}",0.9583333333333334,0.6189320388349515,0.9310679611650486,0.9026699029126213,0.9472491909385113,0.8716504854368932,0.1277406233962365,10,0.9995469255663431,0.9996014417411798,0.9992548693422055,0.9992202121023082,0.999369238233867,0.9993985373971807,0.0001526355681639621,PurR-1
410,2.887251853942871,0.1801716180227206,0.10738520622253418,0.05733790099487719,95,0.007,13,8,"{'n_estimators': 95, 'min_samples_split': 0.007, 'min_samples_leaf': 13, 'max_depth': 8}",0.9945090439276485,0.42839805825242716,0.9757281553398058,0.9509708737864078,0.9961165048543689,0.8691445272321315,0.22097566193438387,11,0.9996440129449838,0.9995147986414361,0.9992721979621543,0.9994454841616414,0.9995633187772925,0.9994879624975017,0.0001257849223203754,PurR-1
411,2.4547983169555665,0.0653932254958756,0.10138888359069824,0.025233824630822084,80,0.009000000000000001,8,13,"{'n_estimators': 80, 'min_samples_split': 0.009000000000000001, 'min_samples_leaf': 8, 'max_depth': 13}",0.9945090439276486,0.5762135922330097,0.9873786407766991,0.9951456310679612,0.7404530744336569,0.8587399964877951,0.17169775608470272,12,0.9996440129449838,0.9996707562209746,0.9994801414015387,0.9990815831427186,0.9994662785055799,0.999468554443159,0.00021050295469437946,PurR-1
412,1.8892621517181396,0.12700466509527936,0.10249862670898438,0.03300812952701934,60,0.011,5,9,"{'n_estimators': 60, 'min_samples_split': 0.011, 'min_samples_leaf': 5, 'max_depth': 9}",0.9932170542635659,0.5723300970873786,0.8349514563106797,0.9932038834951457,0.8951456310679611,0.8577696244449461,0.15497212860069087,13,0.9996763754045307,0.9996360989810771,0.9992202121023083,0.9993241838220005,0.9995794921559115,0.9994872724931657,0.00018129140509966243,PurR-1
413,2.670719861984253,0.10179424486158578,0.09960517883300782,0.02889040730531001,85,0.012,5,9,"{'n_estimators': 85, 'min_samples_split': 0.012, 'min_samples_leaf': 5, 'max_depth': 9}",0.854328165374677,0.5373786407766991,0.9859223300970873,0.9674757281553398,0.9339805825242719,0.8558170893856151,0.16547496449874127,14,0.9995469255663431,0.9994974700214875,0.9992721979621543,0.9993588410618979,0.9997412259420992,0.9994833321107963,0.00016175839162765171,PurR-1
414,1.6824979782104492,0.08570506514927925,0.094073486328125,0.04294971137604864,55,0.010000000000000002,13,4,"{'n_estimators': 55, 'min_samples_split': 0.010000000000000002, 'min_samples_leaf': 13, 'max_depth': 4}",0.9932170542635659,0.5432038834951457,0.9689320388349515,0.9611650485436893,0.7883495145631069,0.8509735079400919,0.17025482276846668,15,0.9996763754045308,0.9996014417411797,0.9992375407222569,0.999289526582103,0.9996765324276241,0.999496283375539,0.00019270561683956222,PurR-1
415,1.2339323520660401,0.06625593838884951,0.09369211196899414,0.0319858006227711,35,0.002,12,13,"{'n_estimators': 35, 'min_samples_split': 0.002, 'min_samples_leaf': 12, 'max_depth': 13}",0.9867571059431525,0.6344660194174757,0.9436893203883495,0.9179611650485437,0.7702265372168284,0.85062002960287,0.13031937285158848,16,0.9996116504854369,0.9995667845012823,0.9992721979621544,0.9990469259028211,0.9994986252628174,0.9993992368229024,0.00021134413031795426,PurR-1
416,2.328844451904297,0.05034231634435959,0.06286482810974121,0.016303324901887028,75,0.009000000000000001,11,6,"{'n_estimators': 75, 'min_samples_split': 0.009000000000000001, 'min_samples_leaf': 11, 'max_depth': 6}",0.9945090439276486,0.558252427184466,0.8009708737864077,0.9320388349514563,0.9236245954692557,0.8418791550638469,0.1550642293526946,17,0.9997087378640778,0.9994974700214876,0.999168226242462,0.9992028834823594,0.9996603590490053,0.9994475353318784,0.00022533631111256418,PurR-1
417,2.02636456489563,0.08939448411734022,0.0912109375,0.037475673849272785,65,0.018000000000000002,9,6,"{'n_estimators': 65, 'min_samples_split': 0.018000000000000002, 'min_samples_leaf': 9, 'max_depth': 6}",0.9563953488372093,0.48519417475728155,0.8703883495145631,0.9737864077669903,0.8414239482200647,0.8254376458192219,0.17731273072095985,18,0.9996763754045307,0.9995667845012823,0.9994454841616414,0.9993415124419491,0.9995794921559114,0.9995219297330629,0.00011625246020118156,PurR-1
418,0.8992758750915527,0.03640239325884084,0.08373703956604003,0.0404378298447326,25,0.007,6,12,"{'n_estimators': 25, 'min_samples_split': 0.007, 'min_samples_leaf': 6, 'max_depth': 12}",0.9958010335917313,0.5662621359223301,0.8216019417475728,0.8262135922330098,0.793851132686084,0.8007459672361457,0.1372299212255569,19,0.9996440129449838,0.9996707562209745,0.999168226242462,0.9992375407222569,0.9994662785055799,0.9994373629272513,0.00020512251888179148,PurR-1
419,1.489822769165039,0.07682016039654764,0.08839712142944336,0.04448922939316504,45,0.003,11,7,"{'n_estimators': 45, 'min_samples_split': 0.003, 'min_samples_leaf': 11, 'max_depth': 7}",0.9318475452196382,0.5924757281553399,0.9703883495145631,0.7432038834951455,0.7579288025889968,0.7991688617947368,0.13745880749042252,20,0.9995469255663431,0.9994974700214876,0.9993415124419492,0.9991855548624108,0.9996118389131489,0.9994366603610679,0.00015404600181268113,PurR-1
420,1.6840258598327638,0.08421305271632251,0.06952877044677734,0.013896993256064421,50,0.004,12,8,"{'n_estimators': 50, 'min_samples_split': 0.004, 'min_samples_leaf': 12, 'max_depth': 8}",0.6728036175710594,0.7553398058252427,0.8737864077669903,0.9276699029126213,0.7601941747572816,0.797958781766639,0.09108365560459665,21,0.9996763754045308,0.9994281555416926,0.9992202121023082,0.9990469259028212,0.9994177583697235,0.9993578854642152,0.00021241859338865258,PurR-1
421,0.6442846775054931,0.04937173430477769,0.035467529296875,0.012961325379354686,15,0.016,10,7,"{'n_estimators': 15, 'min_samples_split': 0.016, 'min_samples_leaf': 10, 'max_depth': 7}",0.7335271317829457,0.6148058252427184,0.895873786407767,0.7970873786407768,0.7501618122977345,0.7582911868743885,0.09132525428170138,22,0.999644012944984,0.9997747279406668,0.9992028834823594,0.9991508976225134,0.9996927058062429,0.9994930455593533,0.00026201510310049547,PurR-1
422,1.1145520687103272,0.07524978365432672,0.05371260643005371,0.03171908305853875,30,0.003,6,14,"{'n_estimators': 30, 'min_samples_split': 0.003, 'min_samples_leaf': 6, 'max_depth': 14}",0.47900516795865633,0.7053398058252427,0.8888349514563108,0.9245145631067961,0.7857605177993527,0.7566910012292718,0.15888245690767905,23,0.9995792880258899,0.9993588410618979,0.9990989117626673,0.9990989117626672,0.9998544395924308,0.9993980784411105,0.00029039400440069213,PurR-1
423,0.7160275459289551,0.04101271489217717,0.15530738830566407,0.08637609085905987,15,0.001,8,14,"{'n_estimators': 15, 'min_samples_split': 0.001, 'min_samples_leaf': 8, 'max_depth': 14}",0.9828811369509044,0.4609223300970874,0.7662621359223302,0.6650485436893203,0.8042071197411003,0.7358642532801485,0.1715925670488625,24,0.9997087378640777,0.9994281555416926,0.9994974700214875,0.9993934983017952,0.9996927058062429,0.9995441135070593,0.00013227823315676987,PurR-1
424,0.5322334289550781,0.020303023957663893,0.0552006721496582,0.03061234936274742,10,0.007,6,7,"{'n_estimators': 10, 'min_samples_split': 0.007, 'min_samples_leaf': 6, 'max_depth': 7}",0.5507105943152454,0.5169902912621359,0.7531553398058253,0.5701456310679611,0.8194174757281553,0.6420838664358646,0.12079459283993352,25,0.9996440129449838,0.9996360989810771,0.9990469259028211,0.9993241838220004,0.9994662785055798,0.9994235000312924,0.00022240775169884275,PurR-1
425,2.2378504276275635,0.28871954684155193,0.1157726764678955,0.0546958401331908,75,0.009000000000000001,14,3,"{'n_estimators': 75, 'min_samples_split': 0.009000000000000001, 'min_samples_leaf': 14, 'max_depth': 3}",0.902321083172147,0.7620889748549323,0.9405684754521964,0.9043927648578811,1.0,0.9018742596674315,0.07832288506019529,1,1.0,1.0,1.0,1.0,1.0,1.0,0.0,PurR-2
426,0.6527338027954102,0.07553018150502874,0.06617512702941894,0.01858790491774635,20,0.001,14,4,"{'n_estimators': 20, 'min_samples_split': 0.001, 'min_samples_leaf': 14, 'max_depth': 4}",0.9690522243713734,0.9284332688588007,0.5297157622739018,0.9664082687338501,1.0,0.8787219048475852,0.17597349156431494,2,1.0,1.0,1.0,1.0,1.0,1.0,0.0,PurR-2
427,1.0618637561798097,0.1059367337939257,0.08445730209350585,0.03257610091305259,35,0.009000000000000001,8,5,"{'n_estimators': 35, 'min_samples_split': 0.009000000000000001, 'min_samples_leaf': 8, 'max_depth': 5}",0.8694390715667312,0.9434235976789168,0.5729974160206718,0.9467054263565892,1.0,0.8665131023245818,0.15252855757711245,3,1.0,1.0,1.0,1.0,0.9999999999999999,1.0,4.965068306494546e-17,PurR-2
428,1.1346123218536377,0.13201242718256892,0.05907907485961914,0.024753121674023222,40,0.018000000000000002,10,14,"{'n_estimators': 40, 'min_samples_split': 0.018000000000000002, 'min_samples_leaf': 10, 'max_depth': 14}",0.683752417794971,0.8525145067698259,0.7545219638242894,0.9144056847545219,1.0,0.8410389146287216,0.11225615680115354,4,1.0,1.0,1.0,1.0,1.0,1.0,0.0,PurR-2
429,1.8552185535430907,0.2042953131179922,0.06130695343017578,0.023850521512944062,70,0.008,9,8,"{'n_estimators': 70, 'min_samples_split': 0.008, 'min_samples_leaf': 9, 'max_depth': 8}",0.9487427466150871,0.8346228239845261,0.7286821705426356,0.6776485788113695,1.0,0.8379392639907237,0.1234360635437324,5,1.0,1.0,0.9999999999999999,1.0,1.0,1.0,4.965068306494546e-17,PurR-2
430,2.191941165924072,0.2352574400852729,0.11022825241088867,0.03694576824654468,85,0.009000000000000001,14,8,"{'n_estimators': 85, 'min_samples_split': 0.009000000000000001, 'min_samples_leaf': 14, 'max_depth': 8}",0.9613152804642167,0.8012572533849129,0.5755813953488371,0.7790697674418605,1.0,0.8234447393279656,0.1510481420839424,6,1.0,1.0,1.0,1.0,1.0,1.0,0.0,PurR-2
431,2.129698324203491,0.21447055673834312,0.05848917961120605,0.015644393334139823,85,0.012,14,3,"{'n_estimators': 85, 'min_samples_split': 0.012, 'min_samples_leaf': 14, 'max_depth': 3}",0.7050290135396519,0.741779497098646,0.7861757105943152,0.8604651162790697,1.0,0.8186898675023364,0.1044123563140659,7,1.0,1.0,1.0,1.0,1.0,1.0,0.0,PurR-2
432,1.5371942043304443,0.2538202111109425,0.0584467887878418,0.03995708896198911,65,0.007,5,14,"{'n_estimators': 65, 'min_samples_split': 0.007, 'min_samples_leaf': 5, 'max_depth': 14}",0.9893617021276596,0.870889748549323,0.5155038759689923,0.6976744186046511,1.0,0.8146859490501253,0.18504777457787439,8,1.0,1.0,1.0,1.0,1.0,1.0,0.0,PurR-2
433,1.5409290790557861,0.4413286873738578,0.16492338180541993,0.049023476209656164,45,0.019000000000000003,6,4,"{'n_estimators': 45, 'min_samples_split': 0.019000000000000003, 'min_samples_leaf': 6, 'max_depth': 4}",0.8549323017408124,0.5865570599613152,0.7803617571059431,0.8145994832041343,1.0,0.8072901204024412,0.1333480578360889,9,1.0,1.0,1.0,1.0,1.0,1.0,0.0,PurR-2
434,0.90723876953125,0.10449399084953519,0.0982046127319336,0.020410048624920935,30,0.010000000000000002,10,6,"{'n_estimators': 30, 'min_samples_split': 0.010000000000000002, 'min_samples_leaf': 10, 'max_depth': 6}",0.9327852998065764,0.6561895551257254,0.525516795865633,0.9060077519379846,1.0,0.8040998805471838,0.18155330215667637,10,1.0,1.0,1.0,1.0,1.0,1.0,0.0,PurR-2
435,0.5526083469390869,0.04366754436836451,0.05281505584716797,0.04070285153661465,10,0.004,14,6,"{'n_estimators': 10, 'min_samples_split': 0.004, 'min_samples_leaf': 14, 'max_depth': 6}",0.9124758220502902,0.8694390715667311,0.374031007751938,0.849483204134367,1.0,0.8010858211006653,0.21971111488354786,11,0.999951573849879,1.0,1.0,1.0,0.9999999999999999,0.9999903147699758,1.937046004839571e-05,PurR-2
436,1.553830862045288,0.1731388205367095,0.10379581451416016,0.04567726135919542,60,0.001,5,6,"{'n_estimators': 60, 'min_samples_split': 0.001, 'min_samples_leaf': 5, 'max_depth': 6}",0.9787234042553192,0.7707930367504836,0.45413436692506465,0.8003875968992249,1.0,0.8008076809660185,0.19617085744923307,12,1.0,1.0,1.0,1.0,1.0,1.0,0.0,PurR-2
437,1.0130566120147706,0.07562961796983288,0.09200258255004883,0.042249546307197815,35,0.015,10,6,"{'n_estimators': 35, 'min_samples_split': 0.015, 'min_samples_leaf': 10, 'max_depth': 6}",0.8945841392649904,0.7514506769825919,0.4722222222222222,0.8814599483204135,1.0,0.7999433973580435,0.18186653069322845,13,1.0,1.0,1.0,0.9999999999999999,1.0,1.0,4.965068306494546e-17,PurR-2
438,0.6795118808746338,0.07574878227036477,0.08537359237670898,0.0448364541496867,20,0.001,11,10,"{'n_estimators': 20, 'min_samples_split': 0.001, 'min_samples_leaf': 11, 'max_depth': 10}",0.9129593810444874,0.6595744680851064,0.8430232558139535,0.5607235142118863,1.0,0.7952561238310867,0.16215478233215747,14,1.0,1.0,1.0,1.0,1.0,1.0,0.0,PurR-2
439,1.5969234943389892,0.11995223476924227,0.10876388549804687,0.05922380069280874,60,0.006,11,11,"{'n_estimators': 60, 'min_samples_split': 0.006, 'min_samples_leaf': 11, 'max_depth': 11}",0.6852030947775629,0.8752417794970986,0.4760981912144703,0.9295865633074935,1.0,0.793225925759325,0.18990275066245524,15,0.9999999999999999,0.9999999999999999,0.9999999999999999,1.0,1.0,1.0,8.599750569898517e-17,PurR-2
440,1.2553752422332765,0.13146517994560666,0.09412312507629395,0.02622271852784494,50,0.011,7,14,"{'n_estimators': 50, 'min_samples_split': 0.011, 'min_samples_leaf': 7, 'max_depth': 14}",0.937137330754352,0.6247582205029014,0.4657622739018088,0.8859819121447028,1.0,0.7827279474607531,0.20353498791927374,16,1.0,1.0,1.0,1.0,1.0,1.0,0.0,PurR-2
441,0.5020873069763183,0.02504334987733643,0.04623246192932129,0.03619476211897165,10,0.012,8,10,"{'n_estimators': 10, 'min_samples_split': 0.012, 'min_samples_leaf': 8, 'max_depth': 10}",0.9695357833655706,0.6992263056092843,0.6040051679586562,0.6052971576227391,1.0,0.77561288291125,0.17449769794454487,17,1.0,1.0,1.0,0.9999999999999999,1.0,1.0,4.965068306494546e-17,PurR-2
442,1.946552038192749,0.20370274964884252,0.07508788108825684,0.015616981013935672,80,0.011,10,6,"{'n_estimators': 80, 'min_samples_split': 0.011, 'min_samples_leaf': 10, 'max_depth': 6}",0.8849129593810445,0.6150870406189555,0.46188630490956073,0.9027777777777778,1.0,0.7729328165374677,0.2013077214254732,18,1.0,1.0,1.0,1.0,1.0,1.0,0.0,PurR-2
443,0.48541598320007323,0.05933218368828543,0.08128366470336915,0.03813324475892013,10,0.004,13,12,"{'n_estimators': 10, 'min_samples_split': 0.004, 'min_samples_leaf': 13, 'max_depth': 12}",0.8839458413926499,0.6992263056092843,0.41472868217054265,0.7496770025839792,1.0,0.7495155663512912,0.1976993899712887,19,1.0,1.0,1.0,1.0,1.0,1.0,0.0,PurR-2
444,0.45099468231201173,0.02349142076101468,0.028620243072509766,0.007710654522184925,10,0.017,8,8,"{'n_estimators': 10, 'min_samples_split': 0.017, 'min_samples_leaf': 8, 'max_depth': 8}",0.6755319148936171,0.6808510638297872,0.7713178294573643,0.6175710594315246,1.0,0.7490543735224586,0.13476978457990543,20,1.0,1.0,0.9994084113154782,1.0,0.9999757986447242,0.9998768419920406,0.0002344028168041653,PurR-2
445,0.8537077903747559,0.0946673366698139,0.10481419563293456,0.04535104016116034,30,0.011,7,3,"{'n_estimators': 30, 'min_samples_split': 0.011, 'min_samples_leaf': 7, 'max_depth': 3}",0.695357833655706,0.8878143133462282,0.4899870801033591,0.6698966408268734,1.0,0.7486111735864334,0.17804054244797765,21,1.0,0.9999999999999999,0.9999999999999999,0.9999999999999999,1.0,1.0,8.599750569898517e-17,PurR-2
446,1.0168920040130616,0.15322539814099953,0.12392826080322265,0.027781345087346632,30,0.003,7,11,"{'n_estimators': 30, 'min_samples_split': 0.003, 'min_samples_leaf': 7, 'max_depth': 11}",0.9003868471953579,0.6600580270793036,0.563953488372093,0.5949612403100776,1.0,0.7438719205913664,0.17416562060931373,22,1.0,1.0,1.0,1.0,1.0,1.0,0.0,PurR-2
447,0.4738287448883057,0.016067256333200667,0.05602331161499023,0.029015957896891195,10,0.008,13,13,"{'n_estimators': 10, 'min_samples_split': 0.008, 'min_samples_leaf': 13, 'max_depth': 13}",0.9414893617021276,0.7132495164410059,0.43410852713178294,0.6169250645994832,1.0,0.7411544939748799,0.20862594271346468,23,1.0,1.0,1.0,1.0,1.0,1.0,0.0,PurR-2
448,0.4592289924621582,0.018645690470365257,0.05395822525024414,0.030381282145587923,10,0.009000000000000001,10,4,"{'n_estimators': 10, 'min_samples_split': 0.009000000000000001, 'min_samples_leaf': 10, 'max_depth': 4}",0.93036750483559,0.7180851063829787,0.3992248062015504,0.6324289405684754,1.0,0.7360212715977189,0.21537881214115268,24,1.0,1.0,1.0,1.0,1.0,1.0,0.0,PurR-2
449,0.6843833446502685,0.054988544158248845,0.049255895614624026,0.015095086300943304,20,0.017,13,14,"{'n_estimators': 20, 'min_samples_split': 0.017, 'min_samples_leaf': 13, 'max_depth': 14}",0.9158607350096712,0.6387814313346228,0.34593023255813954,0.5258397932816536,1.0,0.6852824384368175,0.24288174686337913,25,1.0,1.0,1.0,1.0,1.0,1.0,0.0,PurR-2
