,MA_activator,MA_inhibitor,actual_mRNA_ratio,ratio_MA_activator,ratio_MA_inhibitor
p1k_00783,0.2251669443121842,0,1.799321389827374,2.107229512242324,0
p1k_00479,0.41578245093905397,0,2.9234637081338195,2.404876758381114,0
p1k_00590,1.0676908477788976,0,4.420264161632654,3.778651218983508,0
p1k_00256,0.3028245977932384,0,1.5453952050968947,2.2237661909609825,0
p1k_00540,0.05781461212922178,0,2.0915482628586655,1.8764360509702727,0
p1k_00597,1.8281456453107812,0,6.051748256202294,6.4011279974287625,0
p1k_00876,0.17117032099777635,0,1.0657736718400252,2.0298186419640567,0
p1k_00939,0.501375573578101,0,0.7288682665819706,2.551872210468383,0
p1k_00774,0.2323368463044981,0,2.1704502147944136,2.117728082163847,0
p1k_00231,0.11754381461044522,0,1.1788901302287742,1.955753201252572,0
p1k_00342,0.21061960286954118,0,1.574688666391881,2.0860881396481767,0
p1k_00818,0.25488622992994003,0,1.6106210554649878,2.1510882919462695,0
p1k_00029,1.2026594142147176,0,1.873377703578115,4.149219344839077,0
p1k_00092,0.24476471019484014,0,1.2869962035426759,2.136049710441502,0
p1k_01011,0.678836228669835,0,1.907221683030782,2.8858908603153908,0
p1k_00449,0.11227441849097436,0,1.3754441792702259,1.948622906610713,0
p1k_00050,0.47102119651847085,0,1.203360758785819,2.4987415848536094,0
p1k_00265,0.24825625823527536,0,1.5523206747080143,2.1412255460573397,0
p1k_00729,0.43155092600114536,0,1.7489193618054115,2.4313059290568617,0
p1k_00488,0.7024737490275955,0,1.9731873368495514,2.9335635810913923,0
p1k_00703,0.35686644960773084,0,2.192895041262059,2.3086459829610946,0
p1k_00026,0.34983817352389995,0,0.9259532685513515,2.2974264653614016,0
p1k_00483,0.21398959249429203,0,1.472134070517472,2.090966726168608,0
p1k_00979,0.5450400333404926,0,0.7582000247695161,2.6302875824105176,0
p1k_01055,0.3868133545578843,0,1.3155180758311777,2.3570687945139563,0
p1k_00627,0.2663385615929396,0,2.2485032742034097,2.1682319107857704,0
p1k_00228,0.4570473010235924,0,1.3579626050134572,2.4746556940310445,0
p1k_00052,0.4058881690753153,0,0.9737185271771965,2.3884400754433974,0
p1k_00773,0.28156606043124294,0,2.0423223313445176,2.1912385801323033,0
p1k_00387,0.23745573459681038,0,1.5839651652194824,2.125255430364687,0
p1k_00172,0.3100831010122239,0,1.4485476619992197,2.234982620425963,0
p1k_00938,0.47823993354310484,0,0.7382618031513865,2.5112757383178606,0
p1k_00290,0.43387264682558047,0,1.4450391941423424,2.435221765714275,0
p1k_00530,2.557885477636696,0,10.742316177523207,10.615246659348312,0
p1k_00425,0.19728122886506375,0,1.911604760963571,2.066890186512708,0
p1k_00759,0.3579155124822003,0,1.7113270898992963,2.3103253368713217,0
p1k_00988,0.4005075448548625,0,0.8681200318898314,2.379548824661253,0
p1k_00154,0.10187573970224852,0,1.892879189411781,1.9346280900337098,0
p1k_00171,0.32510677971001856,0,1.4147708909041465,2.2583784877435296,0
p1k_01010,0.8350985554896059,0,1.4599288361675562,3.216025993888821,0
p1k_00544,1.6556767865030122,0,6.270287778257389,5.679867592130608,0
p1k_01052,0.500120467549429,0,1.4144810648139752,2.549653115439062,0
p1k_00482,0.9975099615220797,0,4.098260513439247,3.5992354292533353,0
p1k_00370,0.2774592599469188,0,1.2561040467624094,2.185009832387803,0
p1k_00951,0.36486938730213775,0,0.8745476589548896,2.321488121696994,0
p1k_00664,0.34739347244858104,0,2.300390761359229,2.293536686319432,0
p1k_00913,-0.1880961240975863,0,0.854148787805814,1.5823671572408553,0
p1k_00870,0.39215322356966453,0,1.9222784518599518,2.3658092144988636,0
p1k_00589,1.2210476926547156,0,5.435942658585922,4.2024428628867385,0
p1k_00138,0.30102503363330313,0,1.719504905674107,2.2209940769611904,0
p1k_00499,0.24628099185053495,0,1.6961352566758943,2.1382958924298823,0
p1k_00626,0.263040228447371,0,2.2456123041878153,2.1632804954443103,0
p1k_00907,-0.03709783388221681,0,1.3850809830787676,1.7569616215097066,0
p1k_00510,0.6628644113948725,0,2.102600622159685,2.854117882711553,0
p1k_00207,0.3642765889513323,0,1.6513863276118665,2.3205344262886993,0
starve_series__t01_starve,0.24761300641004685,0,0.6836355901718427,2.1402710545053,0
p1k_00575,1.326064244893379,0,5.280163619176183,4.5197555807323795,0
p1k_00381,0.4258291592795581,0,1.1906151175075836,2.4216824015800764,0
p1k_00070,0.35337601423673703,0,1.6999349097168213,2.303067229790596,0
p1k_00255,0.2914132486817027,0,1.439340737238547,2.206246149513979,0
p1k_00054,0.15798969300649857,0,1.1291389398885894,2.011358440822947,0
p1k_00634,0.3080465011787956,0,1.8603568577478826,2.231829803070563,0
p1k_00757,0.3754245288643588,0,1.9090207879681549,2.3385350315657827,0
p1k_00536,1.767744077800325,0,7.164250983582773,6.138663504646684,0
p1k_00281,0.6609696929428625,0,2.031175363961201,2.8503719764958673,0
p1k_00522,1.8477527818657467,0,5.052985159561908,6.488717216947577,0
p1k_00880,0.18978201500999053,0,1.750546914339174,2.0561742446777656,0
p1k_00701,0.2603873463307425,0,1.7584235521195402,2.159306228720615,0
p1k_00306,0.13834096408344687,0,2.2635112120276206,1.9841505220309685,0
p1k_00341,0.1788289300579565,0,1.5910667626997719,2.0406226735320847,0
starve_series__t10_starve,0.4958917680192135,0,0.48777803583028934,2.5421907406141653,0
p1k_00781,0.1678257186967894,0,1.839385118922942,2.0251183604873058,0
p1k_00196,0.18448797353312105,0,1.6207742512990797,2.048642837524099,0
p1k_00652,0.15336970929245475,0,2.122126604325143,2.00492771213984,0
p1k_00742,0.4705457014454092,0,1.9516365697233249,2.4979181651411806,0
p1k_00641,0.22496508614801705,0,2.0190121224028377,2.1069346947567067,0
p1k_00252,0.5669223214017458,0,1.258676138656817,2.6704869482623894,0
p1k_01015,0.9137166678584958,0,1.3816662214995172,3.3961429353544896,0
p1k_00258,0.46143155379393325,0,1.2485143089881552,2.4821874439570966,0
p1k_00180,0.25856356452317153,0,1.3634443783891397,2.156578268078374,0
p1k_00276,0.3343012236848623,0,1.6131875568419347,2.2728173275084327,0
p1k_00417,0.23114703861589495,0,1.6877949113574648,2.11598228671854,0
p1k_00448,0.18155234086089556,0,1.755369013739805,2.0444784451604074,0
p1k_00770,0.153195397883367,0,1.8817965329937736,2.0046854844667914,0
p1k_00344,0.17126707429615626,0,1.8611300730145082,2.0299547748464306,0
p1k_00772,0.1663689526724196,0,1.5454958045504448,2.0230745226754063,0
p1k_00297,0.35502511615130034,0,1.7792391802641472,2.3057013028164044,0
p1k_01044,0.4500264300117839,0,1.284361181747039,2.4626420455529288,0
p1k_00305,0.0712292379513873,0,1.9779448034819165,1.8939651041843293,0
p1k_00465,0.3531082409899088,0,3.077808963499769,2.3026398057375737,0
p1k_00978,0.4771202155511697,0,1.6493027121435706,2.509327419634841,0
p1k_00841,1.1473912737841119,0,4.0699187422336855,3.993273222686064,0
p1k_00811,0.2806951611279196,0,1.584998269044993,2.18991621316173,0
p1k_00372,0.6299999918251079,0,1.771116056109297,2.789836362891879,0
p1k_00933,0.3410668087056391,0,1.7513998255958845,2.2835008401628283,0
p1k_00166,0.02727646907371331,0,1.1238689067852357,1.8371341539077752,0
p1k_00948,0.43092710191600087,0,1.5579002449378192,2.4302548549991836,0
p1k_00814,0.2955509363157545,0,1.5073425113881067,2.2125828044787776,0
p1k_00747,0.5399142692478768,0,1.406394787746806,2.620958991802559,0
p1k_00365,0.12317664365400965,0,1.827204841912523,1.963404130442213,0
p1k_00412,0.26493243890638457,0,1.5604988551331544,2.1661196731200003,0
p1k_00614,2.3777194143428173,0,6.883642077483406,9.369031535909773,0
p1k_00667,0.21885249557631495,0,1.533725542108435,2.0980266553154485,0
p1k_00653,0.17745954213526183,0,2.0412554445350515,2.0386866592132353,0
starve_series__t23_growth2,0.455028084539094,0,1.1514498771171477,2.4711945534447644,0
p1k_00668,0.06361975251242906,0,2.0160632591734022,1.8840016968467757,0
p1k_00798,0.24702254596893772,0,1.7137662690735362,2.139395272181191,0
p1k_00128,0.2520001466592257,0,1.4125608449449718,2.1467893831784655,0
p1k_00941,0.4678037863584756,0,1.3622956428352218,2.4931752534940026,0
p1k_00165,-0.08135556921571795,0,1.07928948584698,1.7038814277102254,0
p1k_00259,0.16569379266401127,0,2.0018594323907575,2.0221279751289125,0
p1k_00393,0.39276576305377836,0,2.1632106160189712,2.366813903084198,0
p1k_00532,2.8275148460650037,0,13.694851686559707,12.79665960201762,0
p1k_00424,0.39837984836220897,0,1.9647739852390653,2.3760420363675685,0
p1k_00807,0.29411438296609255,0,1.7616768920557957,2.2103807373799027,0
p1k_00404,0.29290007065389695,0,2.096646995540772,2.20852104895766,0
starve_series__t02_starve,0.24495285367200914,0,0.4520496806706752,2.136328293242951,0
p1k_00316,0.1963367741990016,0,2.957002413160089,2.065537547733973,0
p1k_00760,0.3906058691886639,0,1.8062025990161705,2.3632731395177604,0
p1k_00775,0.13404529524836037,0,1.5801154588584068,1.9782514395635238,0
p1k_00433,0.01956541442728869,0,1.883032380714331,1.827341058159941,0
p1k_00035,0.9948282308836326,0,1.5073076861764272,3.5925512622548097,0
p1k_00126,0.34353375513640766,0,1.867970930398025,2.287408868652686,0
p1k_00629,0.1629123942077494,0,1.9560343134988303,2.01823323277966,0
p1k_00755,0.34495592296271094,0,1.8113077974539034,2.2896648431517796,0
p1k_00884,0.12764431713493357,0,2.3069338325661417,1.969493736687556,0
p1k_00193,0.09028271132476656,0,1.6908708312536036,1.9191443420846972,0
p1k_00298,0.28120760397284755,0,1.4170227089564849,2.190694205869276,0
p1k_00007,0.6362040726297706,0,1.1331516652852143,2.8018594440615883,0
p1k_00268,0.19334270014490681,0,1.7015648494189826,2.061255312526746,0
p1k_00516,2.4918404640065654,0,13.350272704032548,10.140247607646607,0
p1k_00619,0.1244616869270779,0,1.9188493362759123,1.9651537609650724,0
p1k_00822,0.3709474435929402,0,1.2363315918313902,2.331289153639908,0
p1k_00267,0.2143106831025761,0,1.7207166024464473,2.091432149891432,0
p1k_00471,0.26246564927835914,0,1.9460376966727675,2.1624191017413263,0
p1k_00669,0.07618338930467403,0,2.0614461240114803,1.900480076760962,0
p1k_00408,0.2967631633637963,0,1.6240354334652027,2.2144427123616097,0
p1k_00927,0.03642709793220182,0,1.7647224790913332,1.8488236370281819,0
p1k_00998,0.482837896170038,0,1.1965922285848565,2.519292104458706,0
p1k_01008,0.394302434393229,0,0.9963500221804913,2.3693362329179397,0
p1k_00727,0.9799952798929451,0,2.3705464325652166,3.5558039713086105,0
p1k_00074,-0.11525563059615711,0,1.9710092169565714,1.6643108092170629,0
p1k_00218,0.11985714328381396,0,1.6587451471348647,1.9588917226141396,0
p1k_00195,0.14037230779398144,0,1.7956821495258593,1.986946213711037,0
p1k_00574,1.4850650100966105,0,5.516442637336032,5.046368367466083,0
p1k_00982,0.5292749598782388,0,0.9910473004157162,2.60170154384192,0
p1k_00817,0.29548730465635975,0,1.6113315434443345,2.2124852182207015,0
p1k_00740,0.5358724349580553,0,1.9059084995740976,2.6136264258769484,0
p1k_00967,0.4391745587335853,0,0.8229692012175625,2.4441876833936513,0
p1k_00513,2.0896803226934795,0,9.935866716434257,7.673372728746597,0
p1k_00945,0.39318209217417843,0,1.0292038143825222,2.3674970105424036,0
p1k_00995,0.35836395531174736,0,0.9634427517004741,2.3110435828205027,0
p1k_00031,0.5326198889049579,0,1.3726468703219012,2.607740660267014,0
p1k_00508,0.3646646430157185,0,0.6484386993791015,2.3211586842972474,0
p1k_00591,1.4962744937057617,0,6.483708766940287,5.085730471467509,0
p1k_00902,0.09972179644186586,0,0.9542756902413255,1.931741845996377,0
p1k_00930,0.15392909293130227,0,1.6009501666691477,2.0057052438999627,0
p1k_00270,0.19629885507316225,0,2.2740215100811514,2.065483258818658,0
p1k_00686,0.7236335427453607,0,2.403343042128352,2.9769067993664637,0
p1k_00263,0.064762028134955,0,1.5782786551267276,1.8854939743785761,0
p1k_00502,0.13277853462491013,0,1.540880226624446,1.976515195179237,0
p1k_00578,0.1991765063506201,0,3.8599843088106582,2.0696072573851967,0
p1k_00038,0.5599332505289802,0,1.2195853367360152,2.6575811809702734,0
p1k_00426,0.24390992035832593,0,1.9231348779650503,2.1347844861721876,0
p1k_00441,0.1195741125632898,0,1.545828478211466,1.9585074611179212,0
p1k_00856,1.130615044844054,0,5.006710800008472,3.9471068020755453,0
p1k_00863,0.43057536227691307,0,1.8675968252027961,2.4296624132533498,0
p1k_00248,0.4191403289463304,0,1.4311582968770367,2.410480636864405,0
p1k_00093,0.4569274830348532,0,1.8051126024008954,2.4744501786953093,0
p1k_00691,0.6347322144334893,0,2.195491047779539,2.7990024044692516,0
p1k_00304,0.10375612812691637,0,1.3875438881953113,1.9371513010772392,0
p1k_00103,0.4611926513082482,0,1.5965534157266061,2.481776441189812,0
p1k_00324,0.0133179794035961,0,1.997025010201702,1.819445063825079,0
p1k_00558,1.5237865604265193,0,2.6386313056010664,5.1836455499928435,0
p1k_00637,0.26545188020943794,0,2.1145170536808937,2.1668997233570066,0
p1k_00191,0.3366067803842424,0,1.73807426428651,2.276452398248959,0
p1k_00519,0.2939731138540614,0,1.623681940490369,2.210164306861015,0
p1k_00146,0.1836085355780409,0,2.110403876640233,2.047394406495998,0
p1k_00014,0.4921446939881148,0,1.122223947058532,2.535596542385042,0
p1k_00189,0.27284103094109186,0,1.9707093507860565,2.17802655338116,0
p1k_00351,0.2400068230630801,0,2.118951043386501,2.1290168011626296,0
p1k_00678,0.11027124766925203,0,1.8960635910534953,1.9459191364063173,0
p1k_00157,0.181208304034906,0,2.6606759167866243,2.0439909602828443,0
p1k_00631,0.3697528870758422,0,2.170335723802336,2.329359637036975,0
p1k_00955,0.46096438599909983,0,0.7688643493391233,2.481383801971966,0
p1k_01000,0.39952666102051937,0,0.858761393587299,2.3779315267372727,0
p1k_00192,0.3104982266904251,0,1.6779932784997378,2.235625813995258,0
p1k_00399,0.3337974790519463,0,1.9149456230109094,2.272023868297824,0
p1k_00394,0.3457469444836234,0,1.7721857773460337,2.2909205976489484,0
p1k_00601,0.06012739516280283,0,1.774417621409439,1.8794465762406267,0
p1k_00897,0.17954105710164137,0,0.8972814963083552,2.041630191587874,0
p1k_00141,0.2060581491816933,0,2.0109511648849976,2.0795028482296476,0
p1k_00675,0.052921435132254245,0,2.3070599215745777,1.8700825387973548,0
p1k_00991,0.4360956181914714,0,0.9622412328372112,2.438976960592401,0
p1k_00924,0.19350231390056413,0,1.7875628024015284,2.061483373823832,0
p1k_00356,0.19664659885591046,0,2.3426814031272327,2.0659811779990367,0
p1k_00208,0.334181478355833,0,1.5852658613962731,2.2726286889143146,0
p1k_00427,0.25893395820749854,0,1.706711129589204,2.157132013322581,0
p1k_00436,0.29161853957743383,0,1.5740609757226578,2.2065601136308723,0
p1k_00438,0.23574090886101864,0,2.009422622062237,2.122730795898645,0
p1k_00470,1.2478765378536067,0,3.2196682679618727,4.2813240902640315,0
p1k_00511,0.21071455144655254,0,1.7089230672125952,2.0862254365908908,0
p1k_00983,0.4722485185790287,0,1.233069583559173,2.5008682058117078,0
p1k_00421,0.2461089879803873,0,1.9216999398104304,2.1380409714421056,0
p1k_00291,0.1950621109020429,0,1.4139740524801288,2.0637133908180165,0
p1k_00549,1.6921115137399907,0,8.277046129376474,5.825137181668705,0
p1k_00800,0.33855343920848063,0,1.6725503799094896,2.279526136711053,0
p1k_00966,0.3796269535372962,0,0.8434265382103657,2.345356878335783,0
p1k_00164,0.2770305612442124,0,1.8336723983251009,2.1843606503393747,0
p1k_00477,0.2935786477327821,0,1.6885075577072868,2.209560079538001,0
p1k_00512,0.21193711410373248,0,1.8389280664803753,2.0879940863961672,0
p1k_00143,0.3297974422655097,0,1.3165402015299206,2.2657331475118045,0
p1k_00606,0.07009770546589425,0,1.47327729394794,1.8924802146055593,0
p1k_00824,0.3147705856160216,0,2.0814931234468266,2.2422561497391578,0
p1k_00906,-0.10197678774624362,0,1.408230918556904,1.6797001608882836,0
p1k_00976,0.4676470501460532,0,1.321228968466611,2.492904406496604,0
p1k_00643,0.2741007535484156,0,1.9952192987620696,2.1799291782784853,0
p1k_00161,0.18956325706713717,0,1.3286044786847255,2.055862487629575,0
p1k_00505,0.401049621116122,0,3.0337933322613,2.3804430810745614,0
p1k_00548,1.521777940012317,0,6.694308561313851,5.17643353969231,0
p1k_00568,0.2593395178791404,0,3.0668405485365047,2.1577384954291894,0
p1k_00923,0.16467063472248147,0,1.3682371952498746,2.0206943923131298,0
p1k_00649,0.14245225318854973,0,2.113468433794293,1.9898128764803065,0
p1k_00910,0.2253704171697497,0,1.5538474340301334,2.1075267297660476,0
p1k_00235,0.21561695499513162,0,1.7644618712060454,2.0933266710121403,0
p1k_00500,0.2587049971462711,0,1.7907019539230586,2.1567896956246395,0
p1k_00719,0.9809932830734357,0,2.3487836470064782,3.558264596240525,0
starve_series__t25_growth2,0.5803107805787868,0,1.4678786108207715,2.6953848782754553,0
p1k_00893,-0.04458223085417528,0,0.4938650241337949,1.7478704777902179,0
p1k_01026,0.43061234766528717,0,1.5373746031467757,2.4297247016492327,0
p1k_00858,-0.04005481978378455,0,1.0274798744785527,1.7533641944652774,0
p1k_00476,0.4826607255135531,0,1.4141483157572614,2.518982740928825,0
p1k_00367,0.24877500442426737,0,0.841358701060621,2.141995599519425,0
p1k_00109,0.3396163131846576,0,1.422789689515147,2.281206146449576,0
p1k_00204,0.382436510702078,0,1.6587522537827895,2.3499287625073935,0
p1k_00302,0.1956905668247965,0,1.511610752277049,2.0646125658979866,0
p1k_00712,0.3744696558910564,0,1.8548386354430575,2.3369877433155706,0
p1k_00820,0.2817618447679008,0,1.7745069622706835,2.1915359675156014,0
p1k_00145,-0.05700021848697707,0,3.050661129530484,1.7328902582423926,0
p1k_00314,0.15159832147011304,0,1.4880136747875607,2.002467507454061,0
p1k_00975,0.49409886676235576,0,0.8957178581823557,2.5390334094615774,0
p1k_00639,0.32268625037038223,0,1.9440290341584097,2.254592595353431,0
p1k_00241,0.8382591952554226,0,1.9367683744332997,3.2230793501734136,0
p1k_00599,2.354461640313947,0,9.421934860472449,9.219203748026954,0
p1k_01025,0.4547699396744007,0,1.6378311280671622,2.470752416266686,0
p1k_00746,0.6031593942550096,0,1.9065808524905692,2.7384127337426563,0
p1k_00563,0.2563913207270462,0,1.836773819543001,2.1533335846041273,0
p1k_00850,1.0050012475727221,0,3.170564300373103,3.6179732955493087,0
p1k_00859,0.17215221377184356,0,1.455296403229252,2.031200599058652,0
p1k_00879,0.054795438036361416,0,1.5272734643452772,1.8725132792681403,0
p1k_00932,0.2514495924753002,0,1.7494013351293745,2.145970292274205,0
p1k_00045,0.2872669195270563,0,1.0050810809428732,2.1999144650197056,0
p1k_00736,0.23909297595935886,0,2.517961569133417,2.1276686439204107,0
p1k_00075,0.09037343459958279,0,1.9821192403768373,1.9192650304694139,0
p1k_00167,0.4940918814947966,0,0.9214377425779168,2.539021115952369,0
p1k_00239,0.24548191855620605,0,1.0376279805874324,2.137111870865432,0
p1k_00147,0.17362011320268217,0,3.2226131064524908,2.0332683371995595,0
p1k_00151,-0.03897997148211271,0,2.9164584746799433,1.754670986744813,0
p1k_00662,0.15943806136652677,0,1.7123096867343826,2.0133787227641577,0
p1k_00834,1.0595696320474355,0,4.457610574770632,3.757440200424158,0
p1k_01001,0.43563155688005817,0,1.1784885363738489,2.438192558622682,0
p1k_00080,0.404036231711209,0,2.2639125762563954,2.385376085115379,0
p1k_00660,0.2061384201002273,0,2.1147497095905283,2.079618554073818,0
p1k_00176,0.13142932543335487,0,1.8011214887794635,1.9746676211481102,0
p1k_00782,0.19973569303376734,0,1.588423048223232,2.070409589892903,0
p1k_00793,0.37391459926321624,0,2.6161532078912977,2.3360887930875505,0
p1k_00681,0.06710357246054265,0,2.2133965755670104,1.88855668157155,0
p1k_00257,0.47125748017633734,0,1.3075009528244095,2.499150860643896,0
p1k_00378,0.2221392232218298,0,1.497229785066182,2.1028117989247677,0
p1k_00376,0.4669579704876288,0,1.1356082497416955,2.491713995847294,0
p1k_00780,0.05502616009295275,0,1.408793685475075,1.8728127636709073,0
p1k_00743,0.22903860404056092,0,2.1246020871369664,2.1128921314195153,0
p1k_00833,1.3102380239689408,0,5.277694580247929,4.470445271208377,0
p1k_00903,0.09226852941425058,0,0.9355973725211807,1.9217877944765114,0
p1k_00659,0.112881036406169,0,2.483881290161826,1.9494424270790582,0
p1k_00185,0.1348999928914988,0,1.4052923189071331,1.979423764786339,0
p1k_00837,0.8767196517004373,0,2.1847944202358223,3.310158188886138,0
p1k_00401,0.4452168072881867,0,1.7831625466467593,2.454445817332254,0
p1k_00357,0.3233080660948399,0,1.3352757461149394,2.255564556340957,0
p1k_00364,0.28425998899499416,0,1.4196226332759292,2.195334078353728,0
p1k_00766,0.21954926498091742,0,1.9465435869280503,2.099040170858867,0
p1k_00222,0.21951146696891835,0,1.4461048990809557,2.0989851775969552,0
p1k_00012,0.49704718044454743,0,1.2151572195900735,2.5442275226024176,0
p1k_00803,0.2561487736310319,0,1.3971440480144748,2.1529715947920907,0
p1k_00480,0.42566260253907573,0,3.1006795183239895,2.4214028385166046,0
p1k_00921,0.17386013146976168,0,1.5761008053272971,2.0336066360962772,0
p1k_00144,-0.07953060086238815,0,2.184728943955472,1.7060381532539033,0
p1k_00422,0.25975219755886214,0,1.7280047986056999,2.1583557999699443,0
p1k_00462,0.09486247677715892,0,1.8020957756289193,1.92524625272674,0
p1k_01020,0.35338836652367017,0,1.0503460716060584,2.303086948628069,0
p1k_00808,0.30677591854386743,0,1.914299652307205,2.2298650941294356,0
p1k_00300,0.22708415930831255,0,1.6574411852461046,2.1100316967003403,0
p1k_00142,0.3270756343346125,0,1.3471412762509265,2.2614626144727366,0
p1k_00559,1.4968717950083719,0,2.8912299513482025,5.087836489904946,0
p1k_00789,0.19616157127628644,0,2.0329978068215206,2.0652867211685066,0
p1k_01019,0.4431094697861089,0,1.3835615016019658,2.450863237646355,0
p1k_00177,0.21976035681694775,0,1.4441888095538178,2.099347320082067,0
p1k_00567,2.3433904127998884,0,13.953389923206869,9.14872643636139,0
p1k_00885,0.09253984975344133,0,2.008934635290659,1.9221492493474035,0
p1k_00868,0.2076440671152149,0,2.217862478884128,2.0817900496761808,0
p1k_00587,0.10801057344979635,0,3.377984531656532,1.942872307896151,0
p1k_00123,0.6904324206736601,0,1.5270407912646649,2.9091807446289484,0
p1k_00751,0.44293235928530467,0,1.4316242154850125,2.450562379211287,0
p1k_00674,-0.004058230072765593,0,2.211540969422189,1.7976626152943904,0
p1k_00243,0.6857504344643246,0,1.9272149441966981,2.8997548674388343,0
p1k_00944,0.40683925890606076,0,1.2414188490451692,2.3900151623085675,0
p1k_01050,0.2850972425092292,0,1.3441019625462258,2.196608488100993,0
starve_series__t00_growth1,0.29873149029568513,0,1.189868795576745,2.217466027661188,0
p1k_00830,0.9276885862811417,0,4.838391499322893,3.4291929870516733,0
p1k_00954,0.4390634187906691,0,1.4427834719651669,2.4439993993773905,0
p1k_00212,0.5779807878881265,0,1.8155484993164328,2.6910352699069313,0
p1k_00269,0.2153459625995235,0,2.0839877190291065,2.092933502449985,0
p1k_00068,0.5493517652623957,0,2.6881634965641283,2.638160389117867,0
p1k_00878,0.09740184267083869,0,1.5722478015289376,1.9286379673103977,0
p1k_00418,0.2501947883751564,0,1.6925629642384454,2.144104616198132,0
p1k_00236,0.16308055614558054,0,1.2632194105286336,2.018468493720041,0
p1k_00842,0.9234435574224801,0,3.600434782488887,3.4191176577126514,0
p1k_00083,0.2348562151653413,0,0.7158998273183519,2.121429487714215,0
p1k_00550,1.9656858192708107,0,9.399042036693208,7.041419675053077,0
p1k_00474,0.4085490882271439,0,1.332572002480872,2.3928493999257596,0
p1k_00625,0.2266314762353832,0,1.8950231592589701,2.109369723264892,0
p1k_00553,0.02649914285689338,0,1.715733662086244,1.8361445699334333,0
p1k_00246,0.17247846490238403,0,1.7286112251152663,2.031659986807328,0
p1k_00943,0.39988155336308434,0,1.2270017611064774,2.37851655231257,0
p1k_00835,1.1181931125902274,0,4.235117812467473,3.913267207619028,0
p1k_00786,0.2883327201495917,0,2.2075243580675235,2.2015402670246935,0
p1k_01032,0.43031908828496235,0,1.5842229478215775,2.429230857055997,0
p1k_00184,0.09063689482512989,0,1.390848376438258,1.9196155523443494,0
p1k_00688,0.7148403607043305,0,2.124020406403411,2.9588178255653483,0
p1k_00561,0.11683786476882536,0,3.352251234350296,1.9547964322331057,0
p1k_00692,0.046190180645009654,0,1.9195293518087848,1.8613775245642146,0
p1k_00159,0.12979854269034116,0,2.496085140513705,1.9724367723332388,0
p1k_00440,0.09663734672384638,0,2.0183376697120616,1.927616236952564,0
p1k_00704,0.16508835934695437,0,2.0801950275847383,2.021279558266774,0
p1k_00670,0.28443885196187185,0,1.9616328985931955,2.1956062691475795,0
p1k_00764,0.27900472349755023,0,1.7565196194281303,2.187351742703836,0
p1k_00043,0.33809250691480547,0,1.0604830388029378,2.2787979583008533,0
p1k_00017,0.4745373020675028,0,1.3978547467409599,2.504838891585545,0
p1k_00174,0.18925409742384286,0,1.4854211454693138,2.0554219776126046,0
p1k_00968,0.4122342643064909,0,1.2578805296952429,2.398969434320565,0
p1k_00224,0.1469486593691652,0,1.354534889039886,1.9960241433092292,0
p1k_00178,0.1774105139201567,0,1.4576690623950166,2.0386173781338286,0
p1k_00937,0.4870858266063171,0,1.3689309625968216,2.526720942956131,0
p1k_00556,2.968368794236113,0,18.548845206522707,14.109053525266546,0
p1k_00969,0.39005843727429523,0,1.2752452170177082,2.3623765635404324,0
p1k_00219,0.32082698330773946,0,1.4986192816507518,2.2516888702739912,0
p1k_00865,0.50510886824608,0,2.105142631045335,2.558484299483416,0
p1k_00303,0.09685563279218709,0,1.388440909355775,1.9279079157839303,0
p1k_00994,0.35363380706564873,0,0.9724360155517919,2.303478797895833,0
p1k_00295,0.17777942066398086,0,1.9071801902526238,2.0391387328478126,0
p1k_00420,0.3502282191578764,0,1.6535119005261218,2.298047679327093,0
p1k_00725,0.8462886082362396,0,1.5633065386705394,3.2410676187033354,0
p1k_00458,0.1642396110190926,0,1.2346193911017307,2.020090774041532,0
p1k_00099,0.4954769416598475,0,1.7580550067415917,2.5414598750455992,0
p1k_00677,0.2255343324715188,0,2.093591802803579,2.1077661951386677,0
p1k_00682,0.4845897342397106,0,2.4660746840398446,2.5223530926282374,0
p1k_00732,0.334920077871618,0,1.77782202916523,2.2737924776235157,0
p1k_00495,1.052957777646956,0,2.815413006696723,3.7402592962012275,0
p1k_00055,0.19295074065441978,0,1.1654668500953407,2.060695375174903,0
p1k_00478,0.2626217825360586,0,1.69051631994166,2.162653138595572,0
p1k_00980,0.45482231405944884,0,0.8799613465952126,2.4708421140085215,0
p1k_00707,0.21642589935135703,0,2.1031973172343585,2.094500765046039,0
p1k_00557,2.8591069062725256,0,20.8318593340218,13.079970827798011,0
p1k_00064,0.6076520989950503,0,0.46885175428632825,2.7469537321199082,0
p1k_00702,0.3444786429896521,0,2.204400689933529,2.288907489449962,0
p1k_00829,0.12302705062657074,0,1.4646356791666955,1.9632005556515002,0
p1k_00739,0.49032439651934157,0,2.113328164135835,2.532399311321328,0
p1k_00987,0.4736594868028535,0,1.011905392333131,2.5033152729713755,0
p1k_00706,0.22596913497603185,0,2.0630060352999022,2.1084015339393916,0
p1k_00278,0.16659284900709226,0,1.5392176300640117,2.0233885142726824,0
p1k_00379,0.3445011664490768,0,0.9954691408793462,2.2889432243183436,0
p1k_00072,0.3970890547640668,0,1.7154480063719084,2.3739171186663293,0
p1k_00284,0.20713857303240715,0,1.5453893682136097,2.0810607561079744,0
p1k_00262,0.16990070732945783,0,2.055416229736855,2.028033128188488,0
p1k_00594,0.09314206872426489,0,1.551155454973385,1.9229517726392016,0
p1k_00748,0.5544800914511152,0,1.398687889390403,2.64755490523488,0
p1k_00317,0.15268532071053598,0,1.4859579367126106,2.0039768360469834,0
p1k_00266,0.20825088753325324,0,1.4555602546923234,2.0826658677707366,0
p1k_00640,0.2414235713099427,0,1.783490827228206,2.131108554607783,0
p1k_00361,0.2296431957819743,0,0.9604709049298642,2.113777768926267,0
p1k_00896,0.18158997334017485,0,0.8420403417154924,2.0445317757632164,0
p1k_00518,0.3113294415512839,0,1.8160860860344983,2.2369142504142925,0
p1k_00616,0.2526320865678112,0,2.0962903621353277,2.1477299416572997,0
p1k_00543,1.6364861352085158,0,6.504155555628525,5.604814583247652,0
p1k_00779,0.07642962553743485,0,1.564252956529704,1.9008044744883927,0
p1k_01047,0.25048169328960934,0,1.2591804425754343,2.144531050964413,0
p1k_00615,2.4100774876270012,0,7.172053419337899,9.581542966290924,0
p1k_00175,0.1600215841468285,0,1.6264294975658553,2.014193233068444,0
p1k_00127,0.3218073419624869,0,1.549387566823757,2.253219486794315,0
p1k_00416,0.09830424207032751,0,1.8365216211140485,1.929844699235379,0
p1k_00827,0.612675118245665,0,3.9463091197728564,2.756534446809866,0
p1k_00377,0.22105354369650446,0,1.5317029645734714,2.1012299532438767,0
p1k_00657,0.15385525859355237,0,1.9540581626152518,2.005602598417171,0
p1k_00685,0.7844987006466787,0,2.4143175762165856,3.1051849761174433,0
p1k_00078,0.010588570884643721,0,2.039750075383928,1.8160061428290102,0
p1k_00525,1.5359347287366862,0,3.9617885323512283,5.227478562907619,0
starve_series__t05_starve,0.38191730365648535,0,0.2603920244629711,2.3490832060918168,0
p1k_00888,-0.1280691989193228,0,0.7032861595758074,1.6495943687792742,0
p1k_00812,0.26566550806047706,0,1.593130207272,2.1672206119666733,0
p1k_01009,0.7539626321431827,0,1.7032595564508137,3.0401513411476166,0
p1k_00464,0.3075643070805946,0,0.5922993503330052,2.2310839799388824,0
p1k_00650,0.4463809944535826,0,2.0891234101666796,2.4564272392235935,0
p1k_00577,1.489647302529751,0,2.3000343220563892,5.062422139744586,0
p1k_00152,0.027146929840678954,0,2.569749170327372,1.8369692054892053,0
p1k_00734,0.40886230773151044,0,1.7195221997944459,2.3933689611963276,0
p1k_00096,0.35372754368804565,0,1.9676235394715145,2.30362846732065,0
p1k_00413,0.1961667262042872,0,1.7893218137313238,2.065294100706848,0
p1k_00690,0.6043367328090041,0,2.2856788315118517,2.7406483793043517,0
p1k_00501,0.17614645162911424,0,1.3330478339735665,2.036831962174614,0
p1k_00133,0.10596963444849311,0,1.8509621008941113,1.9401257257763629,0
p1k_00018,0.4809956849562109,0,1.3143135378738688,2.5160772141661663,0
p1k_00113,-0.018070985059830135,0,1.2653837059320492,1.7802866174653793,0
p1k_00555,2.5548736918787567,0,11.90078087680195,10.593109270873388,0
p1k_00843,0.942183969305833,0,3.4697861317911385,3.4638212481017803,0
p1k_00040,0.32826194125637553,0,1.2482331249740415,2.2633229466899114,0
p1k_00003,0.8541618710685998,0,1.0940616257515225,3.2588035454208257,0
p1k_00486,0.24852166292540762,0,1.591111995363597,2.1416194918063494,0
p1k_00572,1.5360059113662645,0,7.057458737759757,5.22773649326686,0
p1k_00496,1.0876299527538098,0,2.6225700290611944,3.831237507368055,0
p1k_00110,0.4333243113016158,0,1.4344140980406663,2.43429636926174,0
p1k_00118,0.5243533477135812,0,1.3948607315412127,2.5928412167034707,0
p1k_00886,-0.290363117652812,0,1.4221099063250842,1.4740826268357445,0
p1k_00694,0.12413723192685366,0,2.038435723104192,1.9647118572679871,0
p1k_00986,0.4741362689879696,0,1.383313282157734,2.504142705889505,0
p1k_00405,0.35341223125441945,0,1.6255386272463503,2.3031250460796824,0
p1k_00039,0.2564949202027412,0,1.4416800709571813,2.153488220361536,0
p1k_00762,-0.054139337150051016,0,1.8602344881172295,1.7363300095356666,0
p1k_00411,0.1712083004286157,0,1.998796462406627,2.029872078323981,0
p1k_00711,0.3881887460911279,0,1.859569341751385,2.3593169746141176,0
p1k_00633,0.2025694721270778,0,1.8087215055262713,2.0744803388435833,0
p1k_01012,0.8887957435344215,0,1.8329271171504367,3.33798218587104,0
p1k_00535,0.5157456445636569,0,2.463230523217019,2.5774173337868165,0
p1k_00134,0.30847766581667807,0,1.8207204565477122,2.2324969086407505,0
p1k_00085,0.34562432488700257,0,0.9675642860477676,2.2907258927292493,0
p1k_00329,0.0696029402209451,0,1.257980101244966,1.8918313089995504,0
p1k_00030,1.198522282081515,0,2.013179821801562,4.137337915344302,0
p1k_00717,0.28878330723672807,0,1.9871187284520744,2.202227966444312,0
p1k_00234,0.2616095996002779,0,1.6414036696532344,2.161136371137412,0
p1k_00323,0.0008963552133933417,0,2.3288781903830005,1.8038468634646083,0
p1k_00571,1.5247185271231143,0,6.253473099341156,5.186995215447329,0
p1k_00216,0.40224857541004216,0,2.0709765356948013,2.382422174805183,0
p1k_01003,0.4336671424828056,0,1.4381056252830067,2.434874905849341,0
p1k_00136,0.3499223105014592,0,2.65917304050236,2.297560453591838,0
p1k_00838,0.7181673280486239,0,4.269509997287884,2.9656489639027113,0
p1k_00663,0.24684538360789443,0,2.2540830208007687,2.1391325714467557,0
p1k_00871,0.3692489933367772,0,2.045740788689477,2.3285461977802586,0
p1k_00661,0.21021703224724728,0,2.1992053442233126,2.085506117378219,0
p1k_00676,0.24834865851325078,0,2.11102430318283,2.14136268950487,0
p1k_00920,0.14739163107074765,0,1.6116100238667823,1.9966371058145898,0
p1k_00437,0.21822642467217362,0,1.8516443508807447,2.097116394696722,0
p1k_00644,0.195475618500244,0,2.1753122918857932,2.0643049804824916,0
p1k_00037,0.5537905366471513,0,1.254512250386044,2.6462897744008056,0
p1k_00972,0.46034180817259446,0,1.491044786994705,2.4803132214219823,0
p1k_00150,0.09079551891658567,0,2.6064922960836876,1.919826625374084,0
p1k_00769,0.1524941270494481,0,1.9482420912262892,2.0037112759182705,0
p1k_00247,0.3300960341724652,0,1.6122906340817988,2.266202130614162,0
starve_series__t21_growth2,0.24736687271967725,0,0.6471028563585242,2.139905940698553,0
p1k_00285,0.1964881394091037,0,1.410619476975823,2.065754271932774,0
p1k_00452,0.138907722297195,0,1.4436359544566315,1.9849301424548762,0
p1k_00005,0.39248450513353217,0,1.4902597300323583,2.3663525302696815,0
p1k_00201,0.561929655487884,0,1.7819024536241217,2.661261294056322,0
p1k_00648,0.10847598156488396,0,2.1033377425697193,1.9434991724649806,0
p1k_00698,0.24129233617102122,0,2.0752516760134476,2.130914706566954,0
p1k_00320,0.18854175074525,0,1.406634357183373,2.0544073407274515,0
p1k_00521,0.3524572346918372,0,1.7500079255186827,2.301600989626127,0
p1k_00569,0.21396575232502543,0,3.1396456336413676,2.0909321737598168,0
p1k_01039,0.45738074915658716,0,1.5611006591297731,2.475227723923064,0
p1k_01034,0.39681200420462004,0,0.6692238516156042,2.3734612829558177,0
p1k_00112,0.4285205006506943,0,1.355859647429048,2.4262042560852786,0
p1k_00211,0.5758790395291022,0,1.7240079292157833,2.6871177675929863,0
p1k_00537,1.818024114230182,0,7.529926333359523,6.356376699679129,0
p1k_00094,0.4436443496187363,0,1.102547869462041,2.4517720647531327,0
p1k_00990,0.3731804929309692,0,1.126656116242353,2.3349003913231585,0
p1k_00547,0.12119097167239497,0,2.374030773015924,1.9607036326283835,0
p1k_00010,0.5312678994946842,0,1.671497435870948,2.6052980191078263,0
p1k_00752,0.43814912308889925,0,1.7295307243965021,2.4424510262476202,0
p1k_00940,0.4899071198916199,0,1.5131989813915092,2.531666960955509,0
p1k_00892,-0.027127396937995714,0,0.48668544068867986,1.7691460031028239,0
p1k_00564,2.220260350180133,0,4.285429566947119,8.40030005941346,0
p1k_00795,0.2576976814795929,0,1.554434169691622,2.1552843118103215,0
p1k_00469,1.1984727604381005,0,2.975212331785078,4.137195900399569,0
p1k_00105,0.27396245148260495,0,1.6642681683243326,2.179720212246383,0
p1k_00935,0.49119441985542617,0,1.1200192568809226,2.5339269459958698,0
p1k_00790,0.2693619398167113,0,2.3898736720335894,2.1727805219901906,0
p1k_00608,2.2433464145265933,0,10.511433290385158,8.535803272925978,0
p1k_00137,0.2743192969292424,0,1.327036734914036,2.180259424910502,0
p1k_00432,0.2027543511826433,0,1.596795141112288,2.074746197206066,0
p1k_00179,0.257788705976355,0,1.3345790720751407,2.1554203002578984,0
p1k_00362,0.23958126014823913,0,1.037137607553677,2.1283888812255087,0
p1k_00705,0.16636666522531696,0,2.035108146316768,2.0230713150174084,0
p1k_00840,1.1389557051444061,0,4.473201782781252,3.9699923213844244,0
p1k_00214,0.33988121083296813,0,1.5088738677858708,2.281625044142566,0
p1k_00046,0.2783626463380971,0,1.036136646867523,2.186378469716455,0
p1k_00148,0.16295729810649323,0,2.6152021346584298,2.0182960512884556,0
p1k_00328,0.04299540138480398,0,1.4548918308833845,1.8572601534849191,0
p1k_00492,0.32478271665477415,0,0.6799109745612242,2.2578712600745185,0
p1k_00877,0.19829094967464378,0,1.246944974405312,2.068337278564407,0
p1k_01007,0.4010276572424407,0,1.0894227359767883,2.380406841015735,0
p1k_00288,0.2218297586250279,0,1.4133907475067629,2.1023607846784462,0
p1k_00541,0.0572126620658224,0,2.3195478257830837,1.8756532901233953,0
p1k_00708,0.4117811500942101,0,1.9234943778590763,2.3982160966907906,0
p1k_00538,1.883710935603465,0,8.203192039398948,6.652476216472866,0
p1k_00618,0.12424367628690239,0,1.907766696386206,1.964856822215988,0
p1k_00008,0.5880730176048689,0,1.0740835685062593,2.7099261371333556,0
p1k_00309,0.07616719674131778,0,1.5047187778052775,1.9004587462160587,0
p1k_01046,0.2288377571969255,0,1.270882495795157,2.112598002608225,0
p1k_00327,-0.03234241613684609,0,1.645714177582912,1.7627624812993181,0
p1k_00330,0.0629982370832746,0,1.2771607228704887,1.8831902405753094,0
p1k_00130,0.29785180182217313,0,2.9417877029465527,2.2161143319433276,0
p1k_00391,0.10817347105447316,0,1.8918103329907727,1.9430916939095295,0
p1k_00227,0.4548358940265038,0,1.4696322581758015,2.470865371946946,0
p1k_00517,2.4287438956403395,0,12.294244543243192,9.706319888979237,0
starve_series__t09_starve,0.49502269207502264,0,0.5323754142802154,2.5406597923308065,0
p1k_00034,1.1801021682861181,0,1.908468303291615,4.084848805272588,0
p1k_00032,0.5337773755556152,0,1.388554279173644,2.609833712571989,0
p1k_00825,0.39424218797967037,0,3.5111408122738283,2.3692372923753617,0
p1k_00721,0.8489510658556387,0,2.2330117054943206,3.2470544505168797,0
p1k_00415,0.08538176137311053,0,1.8264299987102093,1.912635916990161,0
p1k_00006,0.40275790886210805,0,1.4024553707687142,2.383263420876564,0
p1k_00334,-0.03682649310664275,0,1.2019982634971655,1.7572921003360042,0
p1k_00515,2.505957659345272,0,14.356794731015295,10.239959974990612,0
p1k_00588,1.4041822915428586,0,5.896912682310664,4.7712351902130745,0
p1k_00613,0.3510043748650363,0,1.784170303687301,2.299284338945549,0
p1k_00396,0.3904011082133546,0,1.6338871608234544,2.362937745161638,0
p1k_00251,0.3696480106431133,0,1.0455294298079916,2.329190310850165,0
p1k_00065,0.6114675776863282,0,0.578639827907912,2.7542281835969216,0
p1k_00360,0.13988558574954474,0,2.0913308564836828,1.9862759907043779,0
p1k_00056,0.28506663291480777,0,1.3734001999995746,2.1965618832539975,0
p1k_00016,0.4811617488730297,0,1.1734967194941657,2.516366848270246,0
p1k_00636,0.26967044380505995,0,2.1470137949741472,2.1732451961674792,0
starve_series__t11_starve,0.43050135590480626,0,0.6570535894230451,2.4295377813084587,0
p1k_00851,0.9879471049812408,0,3.3264209478928954,3.5754569104339615,0
starve_series__t16_starve,0.27733482822583666,0,0.909936850229598,2.1848213845164897,0
p1k_00666,0.20420119924674668,0,1.640792345753996,2.076827959587599,0
p1k_00718,0.9733028523012357,0,2.451093362677094,3.5393473744055064,0
p1k_01017,0.8196605346898709,0,1.217716443518137,3.1817953513336614,0
p1k_00853,0.9785609871047765,0,3.950032989753997,3.55227063300285,0
p1k_00104,0.5057484612539066,0,1.6198509911661807,2.5596188091390313,0
p1k_00744,0.3512285760304189,0,1.4642155679007087,2.299641685627598,0
p1k_00882,0.15268532075704264,0,1.4859579363926019,2.0039768361115824,0
p1k_00946,0.35806195056763607,0,1.2342661619767525,2.3105598540633205,0
starve_series__t08_starve,0.47991208731861684,0,0.3452030530473684,2.5141881166028717,0
p1k_00487,0.6859042316806011,0,2.004180942868518,2.900064009694156,0
p1k_00560,0.14946683611558625,0,3.8704176241093644,1.9995111801747663,0
p1k_00279,0.1522043746279636,0,1.3584088195506157,2.003308888802887,0
p1k_00784,0.20937118926380352,0,1.838640269704969,2.0842837566899153,0
p1k_00604,2.003101226441658,0,7.363552609010299,7.226423163281925,0
p1k_00999,0.51891695574106,0,1.0762295885795874,2.583089206573089,0
p1k_00809,0.3042659061391419,0,1.5065726212995911,2.2259889298204114,0
p1k_00121,0.6328948119892905,0,1.8151713984219393,2.795439891163545,0
p1k_00546,0.07231367807501052,0,2.4247939671191125,1.8953892886572334,0
p1k_00964,0.4523280400881737,0,0.5917256237308088,2.466573968280301,0
p1k_00155,0.07874346191737808,0,2.0134430826808356,1.9038554861345296,0
p1k_00592,1.1184186425423217,0,3.623440627061793,3.91387899869591,0
p1k_00867,0.16315262057202964,0,1.484584125027512,2.018569321270696,0
p1k_00875,-0.008951457621216491,0,0.8764398043372176,1.791575762988093,0
p1k_00158,0.06593464985112318,0,2.3604048811067013,1.8870271258062377,0
p1k_00687,0.7119710938209004,0,2.3389969927506478,2.952939104729996,0
p1k_00069,0.40591219960611746,0,1.5351909083725228,2.388479859291811,0
p1k_00624,0.2309290847526435,0,2.0025451657827005,2.1156626407323986,0
p1k_00993,0.3617562450963085,0,1.095137686367319,2.31648406299237,0
p1k_00380,0.31968025302219427,0,0.9944350555026159,2.249899820036013,0
p1k_00156,-0.11040940773327504,0,8.562656722118657,1.6699108721861282,0
p1k_00036,0.9663004086339635,0,1.2016419705515478,3.5222099825394513,0
p1k_00348,0.16880479381495586,0,1.65693709453956,2.026493159652469,0
p1k_00628,0.1748722366482222,0,1.9050172703145878,2.0350337886675423,0
p1k_00689,0.6154073851793139,0,1.804224887977826,2.7617598923195095,0
p1k_00962,0.5091219582581762,0,1.1343918077435835,2.56561104561071,0
p1k_00392,0.1338556893439229,0,1.7669982680586107,1.977991465351434,0
p1k_00805,0.2530897074480984,0,1.7855767051372669,2.148411306695546,0
p1k_01031,0.3727522555665815,0,0.9382991779293824,2.334207422139537,0
p1k_00095,0.4488921581679103,0,0.8742259214285181,2.4607066346242292,0
p1k_00182,0.21324403202024153,0,1.3376762098323944,2.0898864289808543,0
p1k_00638,0.33443794781477476,0,2.143966265656985,2.273032732488724,0
p1k_00443,0.24023377281644467,0,1.5613470644514487,2.1293517422490265,0
p1k_00828,0.15583193816742483,0,1.4530999524383081,2.0083524178263157,0
p1k_00598,2.605839484742563,0,11.55580040764648,10.974018413706286,0
p1k_00117,0.5607704770230666,0,1.4615394042079322,2.6591238792143748,0
p1k_00848,0.982408666010203,0,2.7124889451813354,3.5617572112013236,0
p1k_00605,1.5107978594738967,0,5.335403714851967,5.137186219310945,0
p1k_00435,0.2629723488496688,0,1.5019179535986233,2.163178714297825,0
p1k_00585,2.4780952675134085,0,14.332012946924726,10.044095732573771,0
p1k_00693,-0.007130311923942982,0,1.719028328623858,1.7938387364982846,0
p1k_00765,0.2864696040188636,0,1.4592509827472386,2.1986990027966535,0
p1k_00059,0.1652353572099256,0,2.016697261784267,2.021485519266685,0
p1k_00296,0.02702240849549928,0,2.3947399229954036,1.8368106605446521,0
p1k_00275,0.36177784443706096,0,1.6259736816270332,2.3165187445444335,0
p1k_00460,0.30519471175223994,0,0.6028579902717419,2.227422480659427,0
p1k_00048,0.33895856987488576,0,1.1282822435334443,2.2801663521384703,0
p1k_00887,-0.1288069684542242,0,1.3161030304867667,1.648751010129614,0
p1k_00339,-0.045463439020933104,0,1.0756080530747512,1.7468031923295901,0
p1k_01028,0.4325790733774699,0,1.2225952195131273,2.4330392349061394,0
p1k_00287,0.19269296540414932,0,1.4281147591635706,2.060327210872831,0
p1k_00373,0.42893150281206915,0,1.463372089215892,2.4268955437230213,0
p1k_00715,0.3498796205519869,0,1.8967297139979336,2.2974924688232257,0
p1k_00984,0.5022302377656115,0,1.887124590686338,2.5533844080391166,0
p1k_00124,0.6889270876061404,0,1.4559869702731894,2.90614683799371,0
starve_series__t22_growth2,0.4341616833557799,0,1.0293756638102687,2.4357096987440254,0
p1k_00791,0.49931350854984374,0,2.982854829425722,2.5482273877810893,0
p1k_00714,0.34046977289766966,0,1.790677510744216,2.282556046098195,0
p1k_00489,0.4468667451391029,0,1.30363962254201,2.4572544494650224,0
p1k_00908,-0.032351862940426024,0,0.6635273282026607,1.7627509387238418,0
p1k_00570,1.3582156255684672,0,3.813095752719244,4.621611973212891,0
p1k_00915,-0.2325127383415836,0,0.7767584778031923,1.5343927124778693,0
p1k_00554,2.441243398348932,0,11.993289872807381,9.79078075247268,0
p1k_00383,0.25285358064275565,0,1.180068706937535,2.1480597036391478,0
p1k_00596,2.0444938482842123,0,6.97518725957653,7.436760752753235,0
p1k_00398,0.12571754468281957,0,1.8800782080646876,1.9668651608128787,0
p1k_00922,0.2208109529535719,0,1.537703906080155,2.100876658842215,0
p1k_00230,0.24147246377469428,0,1.1209416604235884,2.1311807784059695,0
p1k_00831,0.9800924100601438,0,4.836725428124483,3.5560433756532777,0
p1k_00593,1.4853332103319352,0,3.359060981142832,5.047306585839769,0
p1k_00205,0.07855497839321139,0,1.734614912804966,1.9036067697104921,0
p1k_00566,2.3404873509869004,0,12.284581004611178,9.130335429575306,0
p1k_00683,0.4751870724440059,0,2.3472406753581136,2.50596729130715,0
p1k_00797,0.22560637047353702,0,1.5946119931337,2.107871444725081,0
p1k_00403,0.243274406927482,0,2.159535143770304,2.1338443114258254,0
p1k_00353,0.19084426219916373,0,1.6397891806636158,2.0576887501975305,0
p1k_01016,0.9177005356797173,0,1.3801569600512986,3.405534027718729,0
p1k_00801,0.26365306202572203,0,1.511028297772851,2.164199617298788,0
p1k_00802,0.26125594213965747,0,1.4952654026610581,2.1606066622884574,0
p1k_01021,0.4176291897806063,0,1.23070712395212,2.4079571204106367,0
p1k_00260,0.15726478851700335,0,2.043621730835273,2.010348056455029,0
p1k_01043,0.4390537606638316,0,1.0081744683421379,2.4439830380699004,0
p1k_00846,1.4073443244371162,0,8.214788574337742,4.781704033285663,0
p1k_00084,0.32161984914252933,0,0.7800123571582657,2.252926677147688,0
p1k_00914,-0.29269293050192025,0,0.9885087959573576,1.4717040471782983,0
p1k_00699,0.2728673989621962,0,1.9868639307491327,2.178066361360896,0
p1k_00738,0.5075440303185395,0,2.120172834631715,2.562806477680529,0
p1k_00454,0.18433162508660783,0,1.6732957742261467,2.04842083303896,0
p1k_00573,1.4658959359699626,0,7.531302623521527,4.9797608099147945,0
p1k_00129,0.22222888003077534,0,2.9860419628676342,2.10294248299081,0
p1k_00139,0.28814192292657936,0,2.8977564804195546,2.201249131349555,0
p1k_00226,0.33507016241963705,0,1.4298429963341206,2.2740290341084615,0
p1k_00358,0.365892454256862,0,1.4746666073470724,2.3231349562858816,0
p1k_00816,0.3328858153254148,0,1.509323683692659,2.2705885910051,0
p1k_00862,0.4743887948892794,0,1.8989779802364117,2.5045810634235575,0
p1k_00918,-0.008740663789708726,0,0.8359458116199577,1.7918375513077456,0
p1k_00580,0.4079342365296621,0,1.9188436370415203,2.391829826136379,0
p1k_00325,0.015619353279972681,0,1.6728725765281671,1.8223497420191923,0
p1k_00981,0.5081124512287247,0,0.8470745217454433,2.5638164207155394,0
p1k_01013,0.7693258733387978,0,1.6921747000919867,3.0726988657396195,0
p1k_00321,0.1276443170919322,0,2.306933831856708,1.9694937366288532,0
p1k_00723,0.7858532648254393,0,1.9751523081346296,3.1081018417401194,0
p1k_00934,0.4645598170395776,0,1.1018788679502662,2.4875755267843527,0
p1k_00033,1.105631172251759,0,1.7969996474620962,3.879341235360081,0
p1k_01029,0.3858510096428748,0,0.8087198455566328,2.355497043910203,0
p1k_00051,0.48777116180924407,0,1.2795138446908276,2.527921516969582,0
p1k_00153,0.04432314829938423,0,2.3673013869595456,1.8589702214223685,0
p1k_00326,0.010218136850444634,0,1.584679307471735,1.8155399153134304,0
p1k_00369,0.29123530027549804,0,1.0937541051838917,2.205974038108947,0
p1k_00025,0.3279268240466201,0,0.9820781816384584,2.2627972705323023,0
p1k_00067,0.8679221519396155,0,0.48824842853850986,3.2900343889666064,0
p1k_00407,0.29223056273787507,0,1.8273325827087061,2.2074963838372796,0
p1k_00429,0.2671537772312099,0,1.4660063818113664,2.169457447716548,0
p1k_00168,0.4643669057042879,0,0.8931051687139958,2.487242920502061,0
p1k_00444,0.2365208390999187,0,1.4799654002344396,2.1238786680959,0
p1k_01004,0.43495622889157015,0,1.3991332651107715,2.4370515036483003,0
p1k_00282,0.5845014846883474,0,1.1804509121576099,2.7032257466442657,0
p1k_00022,2.322524525596838,0,4.587339240588103,9.017359487134973,0
p1k_00414,0.1940545426556536,0,1.8875624343363138,2.0622726108217235,0
p1k_00242,0.8332290759477865,0,2.2733152016540017,3.2118612876453474,0
p1k_00347,0.081800561988144,0,1.5697659342930284,1.9078940719593782,0
p1k_00135,0.14499588919475115,0,1.4003802913254173,1.993324238227203,0
p1k_00891,0.41846586704179045,0,1.2600998746432719,2.4093539972435756,0
p1k_00621,0.08736247519829324,0,1.7797098983471114,1.9152636283723543,0
starve_series__t27_growth2,0.44391234382184164,0,1.6554059674938981,2.452227546829006,0
p1k_00091,0.3855070532624682,0,1.0872974816388112,2.354935531156268,0
p1k_00106,0.12069400020163035,0,1.2845820085949151,1.9600283367900997,0
starve_series__t07_starve,0.45885702908326753,0,0.3550876367981756,2.4777618694869346,0
p1k_00855,0.1127408842445204,0,1.5986112426643064,1.9492530555959693,0
p1k_00301,0.1737522755641453,0,1.3234814846289598,2.0334546093126593,0
p1k_00603,1.7659189036105323,0,6.581328762614812,6.130902303834295,0
p1k_00854,0.0925957750166815,0,1.4214568157956868,1.9222237618280464,0
p1k_00520,0.31159472802891613,0,1.658666794364546,2.237325617784987,0
p1k_00233,0.2903708437541326,0,1.4949520557297167,2.2046526241027578,0
p1k_00787,0.1722604659986703,0,1.7061804014905873,2.031353015356863,0
p1k_00021,2.3735559509779027,0,4.679123228749813,9.34203249130195,0
p1k_00187,0.15673859927883796,0,1.3898477821158197,2.009614962767473,0
starve_series__t03_starve,0.23592490090801083,0,0.3276896400850796,2.123001532595904,0
p1k_00622,0.05001859820254614,0,1.8432157209486437,1.8663235413698847,0
p1k_00200,0.23343873720023156,0,1.819123017283017,2.1193461626228465,0
p1k_00904,0.0760009230878707,0,0.5749321009742121,1.9002397269492786,0
p1k_00047,0.30092041281799975,0,1.0131965163718784,2.2208330215894336,0
p1k_00455,0.40706287215766246,0,2.4280605153731325,2.39038563594784,0
p1k_00354,0.18204887016079466,0,1.90221382278577,2.045182210081051,0
p1k_00368,0.2135037518250128,0,0.782154635855401,2.0902626926679435,0
p1k_00957,0.508085951218735,0,0.9967198365505222,2.5637693279240263,0
p1k_00027,1.1604871811441355,0,1.8974305354309269,4.029686746013356,0
p1k_00602,1.8544870351519231,0,5.793713286882581,6.519076237489398,0
p1k_00220,0.31125182356192843,0,1.5018288881490884,2.2367939061204014,0
p1k_00679,0.12072693789017756,0,2.1585340603377112,1.9600730860531366,0
p1k_00463,0.3100553485544841,0,0.6241195764507946,2.234939627511741,0
p1k_00217,0.09607460305174867,0,1.6042818981628957,1.926864489511469,0
p1k_01038,0.3867094429063914,0,0.9502685737255245,2.35689903022987,0
p1k_00912,-0.19355865589032148,0,0.9212991262326722,1.5763871079249387,0
p1k_00524,1.5313864841925275,0,4.4694468188140135,5.211024349351745,0
p1k_00446,-0.004874746488823029,0,1.560702334265424,1.7966454871389297,0
p1k_00792,0.48776563232742337,0,1.297014827693191,2.5279118281102684,0
starve_series__t28_growth2,0.44315855001806614,0,1.3953717769517544,2.4509466170016023,0
p1k_00345,0.23440059109971126,0,2.219088105723541,2.1207596152271653,0
p1k_00552,-0.02478659155008419,0,1.3887352598556442,1.7720188125415886,0
p1k_00254,0.4299277962337625,0,1.9190001812789712,2.428572083160171,0
p1k_00484,0.23666803561758495,0,1.5600726913587204,2.124095376051556,0
p1k_00335,0.02495064633896806,0,1.1768370724094757,1.8341748271605822,0
p1k_00861,0.13294854741672005,0,1.36395832103208,1.9767481291378008,0
p1k_00977,0.5045891730873141,0,1.5937594722476516,2.5575628348551933,0
p1k_00646,0.7122948029654625,0,2.1375524490902085,2.953601753878448,0
p1k_00504,0.21058291813190722,0,1.758052976570371,2.08603509543512,0
p1k_00338,-0.09781401530942,0,1.054523409323978,1.6845537902086758,0
p1k_00565,2.206116261671564,0,4.4521741005567375,8.318346453395442,0
p1k_00009,0.5155847656022695,0,1.7563543041380947,2.577129934791662,0
p1k_00722,0.8687018175287646,0,1.8713363902189133,3.291812879762695,0
p1k_00726,0.8785133881034997,0,1.64419589732931,3.314276345359367,0
p1k_00528,0.19191643162974362,0,2.1648633626831253,2.059218533627149,0
p1k_00901,0.27315434412376993,0,0.7612496033827388,2.1784996114544453,0
p1k_00181,0.21666348490573156,0,1.4525010492715291,2.094845719515466,0
p1k_00869,0.19978611655962888,0,1.832308051075044,2.07048195388734,0
p1k_00958,0.45704586535089653,0,1.1245767933678015,2.4746532314220095,0
p1k_00332,-0.039530785948184474,0,1.3107630021855998,1.754001189139314,0
p1k_00057,0.2777337986669613,0,1.4883421385547306,2.1854256700150327,0
p1k_00832,1.2864736550996165,0,5.095385718136729,4.397410353483144,0
p1k_01053,0.43852395940644223,0,0.9755258097242699,2.443085698348399,0
p1k_00810,0.30895937580324656,0,1.675470145296247,2.2332424547082783,0
p1k_00337,-0.10652864653702764,0,1.0989032295628929,1.6744088770024177,0
p1k_00419,0.360221933012922,0,1.6875951726004506,2.3140217822609728,0
p1k_00534,0.707457456306488,0,2.5559709543470683,2.943714931774317,0
p1k_00004,0.8515537590797435,0,1.12431123661342,3.252917584479569,0
p1k_00579,0.17537103143212945,0,3.9206947668481997,2.035737499225596,0
p1k_00581,0.39031155194356376,0,1.7485176097176494,2.3627910687565463,0
p1k_00745,0.5917017523176017,0,1.8795520130835326,2.7167508506801,0
p1k_00895,0.11782495286445656,0,0.5879702187105303,1.956134356383487,0
p1k_00857,0.09227685300544955,0,1.3038870357477819,1.9217988822127707,0
p1k_00245,0.025953172368030773,0,1.5497701047705041,1.8354498346944315,0
p1k_00400,0.4311874700652639,0,1.6282842879045636,2.430693491053658,0
p1k_00371,0.548462968224158,0,1.4741178161851214,2.636535605675549,0
p1k_00767,0.2593979601020179,0,2.191622372013233,2.157825905162141,0
p1k_00215,0.36784350310189984,0,1.8679519930595283,2.3262788057172727,0
p1k_00310,0.10513202486818164,0,1.4360410687726741,1.9389996414732085,0
p1k_00947,0.38060249222700687,0,1.5011953304976209,2.3469433259525245,0
p1k_00250,0.29423946626709696,0,1.7262585473447811,2.210572388212032,0
p1k_00125,0.29850098317397056,0,4.252337946317998,2.2171117595273833,0
p1k_00799,0.33336622411929584,0,1.4936801540328055,2.27134480928572,0
p1k_00333,0.006546003286945262,0,1.0662422067572994,1.8109246450512224,0
p1k_00293,0.1534687576743071,0,1.1744731133628854,2.005065365390928,0
starve_series__t12_starve,0.3572196349520075,0,0.5403045909876769,2.3092112304442303,0
p1k_00206,0.1305872691255685,0,1.7678194440335606,1.9735154052490238,0
p1k_00428,0.28454896829564497,0,1.740041204562733,2.19577385920161,0
p1k_00936,0.5267236863579674,0,1.3974377362934538,2.597104739605576,0
p1k_00635,0.30945186218129367,0,1.7869766929426665,2.234004936869788,0
p1k_00497,0.7014035468975708,0,3.1156545417895596,2.9313882483028992,0
p1k_00355,0.20171735135249896,0,2.2165444939368046,2.073255418952768,0
p1k_00097,0.40512891312084515,0,1.9567961558897375,2.3871834271586923,0
p1k_00173,0.17812679705800377,0,1.30141747122559,2.0396297818400395,0
p1k_00086,0.15153952750505262,0,0.8852461650096088,2.0023859028166404,0
p1k_00089,0.4091766915365107,0,1.186813831639374,2.39389056722444,0
p1k_00600,0.025955261001657754,0,1.3359011817333193,1.8354524919330795,0
p1k_00232,0.15532004921031423,0,1.1850933088377933,2.0076399518975956,0
p1k_00716,0.26760571470215005,0,2.239774249179943,2.1701371566428214,0
p1k_00961,0.45629905948868354,0,1.304329582241239,2.4733725676344895,0
p1k_00090,0.40946128909900625,0,1.1075229325885243,2.3943628518059445,0
p1k_00272,1.2210771964390847,0,1.738140516681435,4.202528805675995,0
p1k_00531,2.5475686340248873,0,10.011828545581412,10.539606839802024,0
p1k_00395,0.4712968837271433,0,1.4278909656899874,2.4992191195343296,0
p1k_00468,0.2099504211166662,0,1.248308994019812,2.085120749885562,0
p1k_00889,-0.12062745842758661,0,1.6952074361982246,1.6581253251858092,0
p1k_00322,0.09253984976945233,0,2.0089346352264457,1.9221492493687358,0
p1k_00359,0.13002465454366977,0,2.298438840561835,1.97274593419572,0
p1k_01022,0.4227306178760945,0,1.0335802960972662,2.4164868261183714,0
p1k_00119,0.6352775404100144,0,1.7247522742328374,2.800060602625853,0
p1k_00385,0.42995533355536286,0,1.112265698489349,2.4286184387702208,0
p1k_00023,0.6948152377276176,0,1.0141745305052488,2.9180320913892452,0
p1k_00963,0.5133339795241663,0,1.4371935747633426,2.5731124220409365,0
starve_series__t04_starve,0.3190442865079046,0,0.26959459642456884,2.2489082413746,0
p1k_00076,0.22309188428354726,0,2.102342508531873,2.1042008163003922,0
p1k_00283,0.1099234909520622,0,1.5047316504624002,1.945450135765656,0
p1k_00028,1.1652592314365058,0,2.068952002832893,4.04303794359823,0
p1k_00116,0.552949305543247,0,1.4901437031704123,2.6447471806418243,0
p1k_00724,0.9791407156373915,0,1.5226733906688579,3.5536983543166563,0
p1k_00430,0.2676487388293112,0,1.4804614996743104,2.1702018755519235,0
p1k_00042,0.39275098403810904,0,1.1282773274794404,2.3667896574885563,0
p1k_00082,0.274725146305759,0,0.7753448910302573,2.180872847273418,0
p1k_00190,0.2051230813797111,0,1.4089384768204494,2.0781554767529835,0
p1k_00645,0.16373399583444107,0,2.098978907008158,2.0193829254797477,0
p1k_00665,0.3335242582093459,0,2.0568774072795883,2.27159362803155,0
p1k_00776,0.14700942280197896,0,1.5215164795986,1.9961082136287844,0
p1k_00956,0.49473443872432504,0,0.7832499309733483,2.5401522141390367,0
p1k_00656,0.17272337821591643,0,2.1589628323158365,2.0320049126596453,0
p1k_00959,0.5144994121458087,0,1.3141626916883091,2.5751918640799167,0
p1k_00311,0.1977587404906066,0,1.3816976857326384,2.0675744111190126,0
p1k_00294,0.18362062624224712,0,1.3411469037520913,2.047411564981536,0
p1k_00695,0.11283913223322989,0,2.0632814180981853,1.9493858048658215,0
p1k_00209,0.24652741968425998,0,1.6629985743282651,2.1386611675680083,0
p1k_00617,0.26063165300608115,0,2.0007132450341447,2.1596719176428656,0
p1k_01048,0.2881741990416348,0,1.3760786244799725,2.201298378462053,0
p1k_00583,2.6017518133756883,0,6.443130148211978,10.942969099806492,0
p1k_00642,0.26350058962682676,0,1.942890507978346,2.163970904187937,0
p1k_00527,0.15217451314040056,0,2.489215218743657,2.0032674239314705,0
p1k_00758,0.35486552779255565,0,2.159507185307034,2.3054462643465383,0
p1k_00761,0.05799838362453529,0,1.8067990468525361,1.8766750879204224,0
p1k_00989,0.48735426337160126,0,1.3695131901305693,2.5271911240286826,0
p1k_00949,0.4036325935349121,0,0.6844949987541177,2.384708796362312,0
p1k_00271,1.1970699356595156,0,1.560250306195773,4.133174995087865,0
p1k_00434,0.09437219905363174,0,1.9572295488411096,1.9245920985530751,0
p1k_00873,0.13486756377808226,0,1.629330161882554,1.97937927150501,0
p1k_00467,0.20722768753347984,0,1.4577770900796514,2.081189306088047,0
p1k_00132,0.359376801260241,0,1.6316429169545252,2.3126666236657853,0
p1k_00107,0.12682508566057332,0,1.388236311789126,1.9683756811072497,0
p1k_00101,0.35606847271029085,0,1.3969981166743513,2.307369388314895,0
p1k_00916,-0.17930455085522226,0,0.8400931192172113,1.5920393124172905,0
p1k_00713,0.34431615717841985,0,1.7655260975720037,2.2886497121396165,0
p1k_00186,0.17268410608158738,0,1.5547411153313748,2.0319495994565857,0
p1k_00087,0.13449571389786313,0,0.9741622646342429,1.978869158780278,0
p1k_00280,0.13717863638906866,0,1.4079524503536036,1.9825526068368378,0
p1k_00115,-0.05389556486751662,0,1.2368458179372825,1.7366234221277812,0
p1k_00375,0.4733337508734899,0,1.1698822310448878,2.5027501308888014,0
p1k_00609,2.343406737362097,0,6.984880442623562,9.148829957753351,0
p1k_00630,0.3562596678908978,0,2.1900476062618446,2.3076751959376063,0
p1k_00796,0.28557662930197536,0,1.7849509659766196,2.1973385107600447,0
p1k_00163,0.2829597504638462,0,1.5822356691511157,2.193356410195695,0
p1k_01006,0.4673998612086269,0,0.8732803988995939,2.4924773130458133,0
p1k_00286,0.18856902106228074,0,1.3336295568403593,2.0544461742074343,0
p1k_00238,0.2691635533256338,0,1.0068027162211008,2.1724817612294656,0
p1k_00815,0.32684204945819434,0,1.6496546527394291,2.2610964936439704,0
p1k_00735,0.1662775948883223,0,2.71809296763137,2.022946416770542,0
p1k_00952,0.3723961893198615,0,0.9259426274033078,2.3336313960935744,0
p1k_00523,1.5263550406269606,0,4.227471843571416,5.192882394502513,0
p1k_00612,0.39237346361009057,0,1.6675245283703433,2.3661704035758406,0
p1k_00053,0.38690274924030815,0,1.091706133750701,2.3572148516768796,0
p1k_00013,0.5170837002055962,0,1.0716106414592184,2.5798089186310027,0
p1k_00451,0.1718231362100469,0,1.5866305322685024,2.030737336696064,0
p1k_00750,0.4786598896780849,0,1.976826335728858,2.512006855521544,0
p1k_00992,0.37291352992703564,0,1.1711488586154584,2.33446837046212,0
p1k_00061,0.4283988306320433,0,2.117334576496385,2.42599965021824,0
p1k_00273,0.32957230569446994,0,1.2286833118510232,2.265379601143291,0
p1k_00315,0.2026694128857335,0,2.783341563475382,2.0746240506567224,0
p1k_00244,0.718094896862336,0,2.006401200987051,2.9655000758325603,0
p1k_00647,0.7494152746564509,0,2.4063166631724378,3.030583906678995,0
p1k_00274,0.3873661429792594,0,1.413937730732389,2.3579721108465956,0
p1k_00313,0.1761957913671429,0,1.6563367151880728,2.036901622408464,0
p1k_00655,0.2962658592082856,0,2.3638775953338365,2.2136795144922385,0
p1k_00890,0.4343245122861059,0,1.421319877960794,2.4359846192058505,0
p1k_00970,0.3405504568211718,0,1.052183950971386,2.2826837035185745,0
p1k_00098,0.4946802312360472,0,1.6015539802098506,2.5400567728429646,0
p1k_00049,0.4485984102109226,0,1.1342798494467388,2.4602056597518454,0
p1k_00611,2.615041353648351,0,13.421895055023016,11.044237139255758,0
p1k_00763,0.2608514588475529,0,1.7611786835545937,2.1600009855708144,0
p1k_01030,0.3729427957442787,0,1.5153363770973605,2.334515726844246,0
p1k_01037,0.42675717758663373,0,1.0435401017639763,2.423240657834186,0
starve_series__t06_starve,0.4144685200375289,0,0.3087905089806899,2.4026875199590223,0
p1k_00240,-0.036572359442709104,0,1.4035488408793306,1.7576016781770056,0
p1k_00374,0.44681754457509015,0,1.4652376930888746,2.4571706505748048,0
p1k_00632,0.20860740526620788,0,1.867029838764043,2.083180598219043,0
p1k_00545,1.7067323060829316,0,6.9445818362302845,5.884471373919028,0
p1k_00971,0.4397038872819568,0,0.9439573956930434,2.4450846267226725,0
p1k_00210,0.19389063420906655,0,1.7436832447772885,2.062038323817661,0
p1k_00852,1.005056921126089,0,3.8780124482071816,3.6181129157117082,0
p1k_00264,0.1709205716115796,0,1.5657696579399518,2.0294672842144315,0
p1k_00529,0.12172854507528126,0,2.2445646268907455,1.9614343612244451,0
p1k_00950,0.3682963054155462,0,0.7091638604612331,2.3270090430255594,0
p1k_00102,0.356585878156501,0,1.441018777340087,2.308197047355052,0
p1k_00299,0.22244545728088383,0,1.9752794113229637,2.1032582002248215,0
p1k_00445,0.01698767128155382,0,1.6510814405977734,1.8240789618201592,0
p1k_00160,0.1491188668382826,0,1.8973098855753596,1.9990289683837836,0
starve_series__t14_starve,0.3387894066768394,0,0.7842550761645742,2.2798990069211187,0
p1k_00073,-0.10449109281606153,0,2.0098484275007675,1.6767753566035466,0
p1k_00352,0.22993916721919708,0,2.0559646394424944,2.114211458655696,0
p1k_00100,0.3472617875983576,0,2.168090253812523,2.2933273487650925,0
p1k_00756,0.3702583011797687,0,1.7230571254605924,2.330175816078602,0
p1k_00730,0.42230892818447613,0,1.9900494646355873,2.415780607100675,0
p1k_00453,0.1698789514191865,0,1.5365736233255394,2.0280025455824378,0
p1k_00466,0.3511556808865163,0,2.879910764694685,2.29952549442161,0
p1k_00788,0.2154971432775888,0,1.6703396106009603,2.0931528334077343,0
p1k_00953,0.46295512093941676,0,1.469019203551595,2.484810158196954,0
p1k_00108,0.342442488471019,0,1.6143366752539026,2.285679307551695,0
p1k_00041,0.46011975702029567,0,1.1454282017548159,2.47993149554725,0
p1k_00584,2.520228303031656,0,14.620685169557307,10.341752760622656,0
p1k_00289,0.41265782499173026,0,1.4655264425027832,2.399673850904078,0
p1k_00813,0.2893258942650908,0,1.431956530536705,2.2030563640051386,0
p1k_00839,0.6019124463866119,0,3.741172536021176,2.7360468957979602,0
p1k_00777,0.20956354326725607,0,1.727966481437455,2.0845616720095324,0
p1k_00651,0.47064678169723634,0,2.170882055010811,2.4980931841406218,0
p1k_00507,0.3917658225010035,0,0.6316010220288254,2.365174018599051,0
p1k_00996,0.5183873812171939,0,1.8044775718109998,2.58214119804601,0
p1k_00002,0.4744363344192501,0,1.7451884306434269,2.5046635954659586,0
p1k_00343,0.11953543251984834,0,1.7368381335271226,1.9584549523506465,0
starve_series__t17_starve,0.3387001795993159,0,0.7234639756138358,2.2797580052339845,0
p1k_00457,0.18816238783177414,0,1.1102332801458672,2.0538671964333965,0
p1k_00423,0.3744595334932275,0,1.8829568857743224,2.336971346339078,0
p1k_00388,0.12995451230875144,0,1.8897704952928907,1.9726500238050162,0
p1k_00607,0.27754551747637335,0,1.833595585484703,2.185140476203083,0
p1k_00710,0.46018630871331145,0,1.8577866475099518,2.480045897719374,0
p1k_00308,0.2762922359715555,0,1.6374639861320017,2.183243050281378,0
p1k_00081,0.2806585757721602,0,1.9353488201054325,2.1898606797013587,0
p1k_00340,-0.023460349741384175,0,1.1733803968223167,1.773648544336597,0
p1k_00346,0.12942739868759828,0,2.015107704649016,1.9719294136035814,0
p1k_00131,0.3252977269563975,0,2.9690939522169133,2.258677414183459,0
p1k_00169,0.6740155518294085,0,1.2270542700625193,2.8762639261755276,0
p1k_01033,0.4616619738442237,0,1.8073860874414902,2.4825839182056706,0
p1k_00409,0.23220723949165817,0,1.949741712305886,2.117537841225211,0
p1k_00312,0.1724676984393476,0,1.3282740721340731,2.0316448251065444,0
p1k_00062,0.29996184409745275,0,2.3046819224884687,2.219357925370968,0
p1k_00672,0.45351209652518315,0,2.3278140097594546,2.468599179097308,0
p1k_00450,0.12163386360100438,0,1.515009434415021,1.961305640047805,0
p1k_00778,0.2559300922597434,0,1.8560898195959086,2.1526452755863787,0
p1k_00900,0.35167216838773835,0,1.1925181761116825,2.300348876192152,0
p1k_00020,2.256676000193287,0,3.0593532684130267,8.615034130328512,0
p1k_00894,0.11066523490597925,0,0.7733833070542082,1.9464506222548643,0
p1k_00905,0.08749277348607727,0,0.7830158039056783,1.9154366149246853,0
p1k_00318,0.1427462743552861,0,1.4186663064675185,1.9902184415562787,0
p1k_00899,0.2982342228998329,0,1.655582570149571,2.216701844300831,0
p1k_01040,0.45953307913725155,0,1.4247233232576457,2.4789232262082916,0
p1k_00384,0.3130313493179659,0,1.5977491322244346,2.239554633884832,0
p1k_01035,0.40959219873278047,0,0.8995321654781759,2.3945801252951777,0
p1k_00066,0.8396437122529243,0,0.5072118732469757,3.2261739404588567,0
p1k_00929,0.12109877418968489,0,1.3824440652245302,1.9605783350720565,0
p1k_00506,0.4198843732001019,0,3.2716439299735414,2.4117241199147292,0
p1k_00406,0.32555897227067737,0,1.6632743283022604,2.259086455805348,0
p1k_00503,0.20933090915427702,0,1.6719490958653243,2.08422556420736,0
p1k_01023,0.3958773673966556,0,1.1580579825968955,2.371924155698109,0
p1k_00733,0.46508432777881425,0,1.4877699049455928,2.4884800819755437,0
p1k_00481,1.0007086817003485,0,4.251963901940059,3.607224449292512,0
p1k_00223,0.1270988974138672,0,1.21814627530116,1.9687492982126447,0
p1k_00402,0.43300349922665876,0,1.8040397796376855,2.4337551149956047,0
p1k_00582,2.610382000671655,0,5.824813713173926,11.008626015158594,0
p1k_00213,0.3304226466844262,0,1.66985695204684,2.2667152354211897,0
p1k_00382,0.43176220318603653,0,1.201660116569168,2.431662010607554,0
p1k_00024,0.6812786795420354,0,0.9757494562518981,2.8907807479347922,0
p1k_00058,0.14757917003321816,0,1.8873894340847297,1.9968966697413304,0
p1k_00237,0.19057140352309068,0,1.1943168476585566,2.0572996138097666,0
p1k_00514,2.2522124461849238,0,10.979521412507864,8.58842126729494,0
p1k_00122,0.6517269528855983,0,1.5662781002120536,2.832169213627613,0
p1k_00909,-0.05840318302876831,0,0.7882008393778481,1.7312059093080425,0
p1k_00493,0.48953886789982487,0,1.3690301837428684,2.531020828266598,0
p1k_00806,0.2693060593563716,0,1.8047476129277487,2.1726963644787625,0
p1k_00390,0.2540115768962546,0,1.5853123049110047,2.1497845613355793,0
p1k_00620,0.09077172041184511,0,1.846012463923593,1.919794956431644,0
p1k_00183,0.1852165988392453,0,1.3199170924062364,2.049677754796312,0
p1k_00336,0.05200746106611367,0,1.1276418283352998,1.868898182020116,0
p1k_00844,1.1794617764469577,0,8.297695004852306,4.0830360012706395,0
p1k_00221,0.2404572896241836,0,1.267494937363252,2.129681668367544,0
p1k_00162,0.13522005950771906,0,1.3002101907451353,1.9798629551425753,0
p1k_00794,0.36760959877330507,0,2.7503408457464777,2.3259016764144924,0
p1k_00804,0.2652841674882788,0,1.628204868526627,2.166647836772466,0
p1k_00821,0.5047818239626451,0,3.8724176891896107,2.557904382863547,0
p1k_00526,0.21856345114002462,0,2.4596708175009647,2.097606357074822,0
p1k_00847,1.4322573368131915,0,8.208743226075578,4.864993402792106,0
p1k_00942,0.47661294473718496,0,0.8472943284517483,2.508445261751812,0
p1k_01045,0.2055549325966087,0,1.5019600471445012,2.078777637556096,0
p1k_00985,0.4912075474549303,0,1.353957170314141,2.5339500032106796,0
p1k_00363,0.335814258655249,0,1.733679401708713,2.2752022085048442,0
p1k_00149,-0.028204294855232192,0,1.9903908740280376,1.7678259190201013,0
p1k_00307,0.2519132635046685,0,1.6003566708548114,2.1466601013744584,0
p1k_00533,2.773198452754918,0,13.353130183406346,12.323831564846433,0
p1k_00709,0.3863154004587961,0,1.8195712967805506,2.3562553796885584,0
p1k_00925,0.21950834854471882,0,1.646914164192143,2.0989806405888465,0
p1k_00881,0.27518288396549073,0,1.7572803658393252,2.1815649034507105,0
p1k_00197,0.1745303384310916,0,1.5578578847068956,2.034551571728677,0
p1k_00823,0.7920811370499024,0,0.797664979394528,3.121547996973838,0
p1k_00836,0.7999792662234847,0,2.3891824203731735,3.13868398064487,0
p1k_01042,0.4400583146035921,0,1.1894024308903433,2.445685385184511,0
p1k_00826,0.7065226533810783,0,4.282738294099997,2.9418081518077708,0
p1k_00188,0.2728256192222516,0,2.0341126307711512,2.1780032865419283,0
starve_series__t26_growth2,0.5650011502095458,0,1.6740395555103873,2.6669331493214408,0
p1k_00277,0.15288888333457354,0,1.4534157001057888,2.0042596148412626,0
p1k_00490,0.4189046805659635,0,1.4759590632642963,2.410086943496078,0
p1k_00485,0.24254516866763975,0,1.4111925461836412,2.132765990880647,0
p1k_00728,0.8957878915804526,0,2.6126172488621906,3.35419927632124,0
p1k_00498,0.712867289345994,0,3.152175431257742,2.9547740267861786,0
p1k_00170,0.6014615284601214,0,1.1103818172876332,2.7351918711565353,0
p1k_01036,0.34768493053611577,0,0.9648151147283502,2.294000081094586,0
p1k_00749,0.4840572589615881,0,2.00203739368589,2.5214223049007622,0
p1k_00849,0.9347804632164296,0,1.4274318283773522,3.446091420659674,0
p1k_00872,0.07228839176654887,0,1.5271559336633354,1.8953560682074237,0
starve_series__t18_starve,0.34858706790817295,0,0.7283431766971901,2.2954349999967194,0
p1k_00194,0.12523403270305344,0,1.577338914611481,1.9662060863052528,0
p1k_00001,0.4675719897127422,0,1.8621615124361783,2.4927747092202974,0
p1k_00292,0.18862659365591258,0,1.3734621945378844,2.0545281611495514,0
p1k_00431,0.19687468614550238,0,1.522947617831718,2.0663078314397496,0
p1k_00586,0.0969577432858315,0,3.8281564934857952,1.9280443733097363,0
p1k_00410,0.20313901355027036,0,2.076661595958272,2.075299455632788,0
p1k_00011,0.4839646448034056,0,1.271192099841299,2.5212604467794573,0
p1k_00202,0.5602285818059983,0,2.0424027208898505,2.6581252648975546,0
p1k_00461,0.09101160737401516,0,2.0301615042048207,1.9201142006636114,0
p1k_01014,0.7743975625923742,0,2.2296946106937945,3.0835197234476204,0
p1k_00917,-0.10066999362942933,0,0.9064825635850433,1.6812223236826138,0
p1k_00741,0.47580232843105935,0,1.838403835236993,2.5070362214310404,0
p1k_00015,0.48600464378050257,0,1.1550002307098992,2.524828080072067,0
p1k_00019,2.276252843591149,0,2.944904971550164,8.732733753042762,0
p1k_00203,0.33325593624336664,0,1.637786727816778,2.2711711813097675,0
p1k_01041,0.5196559902122188,0,1.2638518631568065,2.584412757943895,0
p1k_00973,0.5804897526421248,0,0.6808135243300251,2.69571927224123,0
p1k_00063,0.2501587983020084,0,1.6589202237459673,2.1440511291358755,0
p1k_00491,0.33882890319655096,0,0.5739849512176297,2.279961424345554,0
p1k_00475,0.48504329041714145,0,1.4198398872494802,2.5231461976461445,0
p1k_00253,0.49280215085075585,0,1.708288351237084,2.5367523134984036,0
p1k_00785,0.3239472239509331,0,1.9063279553639825,2.2565640615464635,0
p1k_01002,0.4277696655549336,0,1.1604924656703393,2.4249418927313653,0
p1k_00768,0.3124695813340863,0,2.116823009731712,2.2386827481839835,0
p1k_00697,0.09456679637345373,0,2.4037594175337467,1.9248517138655057,0
p1k_00771,0.18327559813270528,0,1.588638815882796,2.046921974280066,0
p1k_00928,0.1691802460059676,0,1.7139916539359707,2.027020610213561,0
p1k_00931,0.11362614320025394,0,1.2227999189055534,1.9504495130653028,0
p1k_00456,0.45749538362060926,0,2.9606517396437035,2.4754244097567013,0
p1k_01005,0.44006014864497667,0,1.1689260931701329,2.445688494289994,0
p1k_00673,0.47931469171099256,0,2.3401667698495396,2.5131472493587057,0
p1k_00754,0.005262413834705237,0,1.5361968184184633,1.809314152224765,0
p1k_00114,-0.04232457654453755,0,1.084383849088946,1.7506078383591308,0
p1k_01054,0.3892760789344585,0,1.0087276297528034,2.3610958188868225,0
p1k_00060,0.40492317014787377,0,2.4406159333917135,2.386843014817999,0
p1k_00088,0.38621982411109845,0,1.0319120513629634,2.3560992865312635,0
p1k_00442,0.014050485798193875,0,1.621794957213846,1.8203690938566541,0
p1k_01027,0.41752248287381516,0,1.3173160619294497,2.407779025839959,0
p1k_00473,0.4046224289452088,0,1.4093858167655433,2.3863455103518016,0
p1k_00866,0.17721375458558775,0,1.4593658266268914,2.038339363975721,0
p1k_00911,0.21010180273280227,0,1.7890013650753975,2.08533955254383,0
p1k_00542,1.6049563775714362,0,5.968648522174617,5.483651508735094,0
p1k_00926,0.048425634377947974,0,1.5814462640745466,1.8642639618451309,0
p1k_00331,-0.05200917689781652,0,1.161594356142997,1.738895619712545,0
p1k_00562,0.27584639970083386,0,1.7691912508318668,2.1825684665839584,0
p1k_00199,0.2309981349829884,0,2.122620945373318,2.115763902942773,0
p1k_00349,0.3083476510947538,0,1.9678801459958788,2.23229572656274,0
p1k_00044,0.346586118301916,0,1.1012313075242641,2.2922535472778205,0
p1k_00898,0.2710174801434322,0,1.180696796328813,2.175275290720531,0
p1k_00974,0.5953651612965173,0,0.9054386224759643,2.7236582122971478,0
p1k_00386,0.39603009423264324,0,1.1191310207857275,2.3721752660412796,0
p1k_00610,2.544392059856371,0,12.239212214435245,10.51642591077375,0
p1k_00111,0.4483017320363632,0,1.3214398753737318,2.4596997910402902,0
p1k_00595,0.10394492172408498,0,1.3391639865062885,1.9374048166730953,0
p1k_00671,0.28402922728168084,0,1.9564701292636268,2.1949829587301797,0
p1k_00509,0.6673429501920243,0,2.10953173022912,2.862991648669249,0
p1k_00654,0.2842675875987863,0,2.3729306123382434,2.1953456411007473,0
p1k_00737,0.507548477379942,0,2.212112391371189,2.5628143774618475,0
p1k_00472,0.2336137004174906,0,1.728952118736773,2.1196032024672995,0
p1k_00140,0.13449459777994466,0,1.4044450595498326,1.978867627860431,0
p1k_00551,1.9493689209273377,0,9.801137667350059,6.962229796830072,0
p1k_00576,1.7080665876847534,0,2.99519356983205,5.889916165472831,0
p1k_00680,0.051486515527237174,0,1.892363764121305,1.868223459791506,0
p1k_01051,0.357093852280165,0,1.5454463870883892,2.3090099085511113,0
p1k_00494,0.4865234221862218,0,1.4178585006913433,2.525736145725082,0
p1k_00819,0.30228156718653887,0,1.333524619205604,2.2229293225773046,0
p1k_00249,0.22818095891521206,0,1.6914556132820706,2.1116364446212845,0
p1k_00700,0.2428039953419595,0,1.907338984998569,2.1331486540444557,0
p1k_00731,0.4040005217754148,0,1.7023221808933218,2.3853170424416192,0
p1k_00229,0.23654803550249018,0,1.046956896117963,2.123918705943174,0
p1k_00658,0.12044115050693396,0,2.380628833288401,1.9596848483010143,0
p1k_00350,0.30389055536105325,0,2.109309808225118,2.225409862192332,0
p1k_00319,0.10987291773288613,0,1.338496821288927,1.9453819398206575,0
p1k_00447,0.06742709551635813,0,1.536564745978774,1.888980236185425,0
p1k_00439,0.11078698278282503,0,1.9721855992192234,1.9466148885920505,0
p1k_00845,1.2144538083765786,0,8.794786908249414,4.183279289284667,0
p1k_00864,0.4934996673316805,0,2.125975945590771,2.537979083056795,0
p1k_00397,0.09652223633405789,0,1.9797904470062075,1.927462441591612,0
p1k_00883,0.14274627440119098,0,1.4186663067495373,1.990218441619606,0
p1k_00079,0.1944883645490499,0,1.9846135941273049,2.062892834437884,0
p1k_00198,0.2020079583514013,0,1.6857946352632414,2.0736730839507964,0
p1k_00366,0.19216798933563445,0,2.0916699541300106,2.059577623691361,0
p1k_00261,0.15245561949645214,0,1.7250734759452633,2.0036577947692815,0
p1k_00753,0.06050974144358595,0,1.906398928566162,1.8799447374034612,0
p1k_00960,0.45662473842696244,0,1.9735519171325016,2.473930978287355,0
p1k_00077,0.28977120367021125,0,2.101018172993001,2.203736475264464,0
p1k_00696,0.1074478932455591,0,2.197171841517914,1.9421146962071723,0
p1k_00997,0.46402103746028517,0,1.317156482832344,2.486646706328554,0
p1k_00965,0.4542631618048343,0,0.7658539165752631,2.469884663402488,0
p1k_01018,0.4201423660830495,0,1.5157611888922187,2.412155439963685,0
p1k_01049,0.22093147966270277,0,1.3808023654550488,2.101052179184421,0
p1k_00860,0.08938332540245703,0,1.253254658513198,1.917948307267272,0
p1k_00225,0.30212826890739763,0,1.3377236307946059,2.222693130502122,0
p1k_00071,0.38599652124233835,0,1.7618837770914972,2.355734633572892,0
p1k_00684,0.7879635720795338,0,2.3543170764672845,3.1126515554034846,0
p1k_00120,0.6299345809265638,0,1.7270077461676394,2.7897098763085864,0
p1k_00539,1.8498044734446393,0,7.69327506233075,6.497951543568259,0
p1k_00389,0.25262227531076026,0,1.5645939135244378,2.147715335757727,0
p1k_00623,0.0493264006459572,0,1.8026006834738242,1.865428303850418,0
p1k_01024,0.4396971251356117,0,1.0855726050645815,2.445073166240135,0
p1k_00919,0.02682747267970112,0,0.8208581091533664,1.836562488903996,0
p1k_00459,0.35290167055519445,0,0.6968225010716194,2.3023101288199883,0
