"sample","iM","Val"
"p1k_00459","Crp-1",-6.47800690613394
"p1k_00778","Crp-1",-13.4077575785215
"p1k_00922","Crp-1",-7.61757027964512
"p1k_00662","Crp-1",-6.87428722690495
"p1k_00685","Crp-1",-7.46838287181675
"p1k_00969","Crp-1",-6.54640666743868
"p1k_00104","Crp-1",-7.48039480705674
"p1k_00117","Crp-1",-13.4030838534216
"p1k_00923","Crp-1",-7.54134119130507
"p1k_00057","Crp-1",-6.56996591149991
"p1k_00914","Crp-1",-13.4202164033832
"p1k_00382","Crp-1",-10.6779308295291
"p1k_00171","Crp-1",-13.0215368736446
"p1k_00430","Crp-1",-11.8991028330851
"p1k_00910","Crp-1",-11.4036735886879
"p1k_00948","Crp-1",-10.9203505371034
"p1k_01037","Crp-1",-6.52305423243745
"p1k_00748","Crp-1",-11.6919419413319
"p1k_01038","Crp-1",-6.52676624978323
"p1k_00336","Crp-1",-11.6540222570748
"p1k_00850","Crp-1",-11.8147326281394
"p1k_00811","Crp-1",-11.2240039657054
"p1k_00474","Crp-1",-13.1653283137862
"p1k_00195","Crp-1",-13.4016486876382
"p1k_00271","Crp-1",-11.4930848781321
"p1k_00477","Crp-1",-13.0347008948885
"p1k_00732","Crp-1",-11.5227026351848
"p1k_00373","Crp-1",-11.8830054812978
"p1k_00335","Crp-1",-11.9229508837668
"p1k_00491","Crp-1",-13.3776473669549
"p1k_00575","Crp-1",-11.5316528909175
"p1k_00576","Crp-1",-11.2132714316317
"p1k_00062","Crp-1",-13.3945100188261
"p1k_00428","Crp-1",-13.2723709446873
"p1k_00158","Crp-1",-7.03339097334903
"p1k_00902","Crp-1",-7.66926526364031
"p1k_00618","Crp-1",-7.93952447095606
"p1k_00269","Crp-1",-11.6596992865336
"p1k_00805","Crp-1",-11.3857508828624
"p1k_00019","Crp-1",-13.4011311983773
"p1k_00456","Crp-1",-5.83479121203574
"p1k_00511","Crp-1",-13.4094695477748
"p1k_00868","Crp-1",-13.4085133592102
"p1k_00872","Crp-1",-13.2836082491047
"starve_series__t03_starve","Crp-1",-5.80008125683077
"p1k_00413","Crp-1",-11.6876179797269
"p1k_00176","Crp-1",-11.4316035183824
"p1k_00011","Crp-1",-13.4019138667912
"starve_series__t25_growth2","Crp-1",-11.3358464774501
"p1k_00764","Crp-1",-11.5648991179659
"p1k_00630","Crp-1",-7.89142508312221
"p1k_00163","Crp-1",-11.557023196278
"p1k_00409","Crp-1",-11.6593153414522
"p1k_00322","Crp-1",-13.3225093661112
"p1k_00752","Crp-1",-13.2952812991709
"p1k_00344","Crp-1",-11.6160404935804
"p1k_00546","Crp-1",-11.7585945732606
"p1k_00191","Crp-1",-13.0197300797285
"p1k_01040","Crp-1",-11.0341550135601
"p1k_00654","Crp-1",-12.4076982342353
"p1k_00324","Crp-1",-11.6668851374855
"p1k_00657","Crp-1",-13.4072363436883
"p1k_00488","Crp-1",-6.84405271170817
"p1k_00903","Crp-1",-8.74803749255951
"p1k_00341","Crp-1",-11.1255120342234
"starve_series__t16_starve","Crp-1",-5.9318761256453
"p1k_00637","Crp-1",-8.60786528342388
"p1k_00105","Crp-1",-7.37509081337162
"p1k_00539","Crp-1",-11.549466967156
"p1k_00530","Crp-1",-11.7788814077376
"p1k_00610","Crp-1",-11.7807590254971
"p1k_00368","Crp-1",-12.0604416973994
"p1k_00039","Crp-1",-13.1909012959329
"p1k_01035","Crp-1",-12.5403838280599
"p1k_00498","Crp-1",-6.0747433825614
"p1k_00646","Crp-1",-12.5419877442448
"p1k_00893","Crp-1",-13.0855696378429
"starve_series__t06_starve","Crp-1",-13.4202164033832
"p1k_00506","Crp-1",-11.6641905127597
"p1k_00003","Crp-1",-7.1604306711223
"p1k_00015","Crp-1",-7.82688095820865
"p1k_00961","Crp-1",-10.0165500218574
"p1k_00056","Crp-1",-6.56665846132741
"p1k_00482","Crp-1",-13.2766508350608
"starve_series__t09_starve","Crp-1",-5.7881225785515
"p1k_00274","Crp-1",-11.4665619421255
"p1k_00321","Crp-1",-13.4084176652974
"p1k_00046","Crp-1",-11.2447369336026
"p1k_00621","Crp-1",-13.1408229740995
"starve_series__t11_starve","Crp-1",-13.4202164033832
"p1k_00293","Crp-1",-11.8131187014805
"p1k_00607","Crp-1",-13.4093704861512
"p1k_00647","Crp-1",-12.8819059351812
"p1k_00582","Crp-1",-11.7344753758748
"p1k_00806","Crp-1",-11.564902519374
"p1k_00423","Crp-1",-11.7649429326775
"p1k_00888","Crp-1",-11.2453837057539
"p1k_00980","Crp-1",-6.51126541792201
"p1k_00225","Crp-1",-13.4058771117664
"p1k_00282","Crp-1",-7.93980533418688
"p1k_00840","Crp-1",-11.8308198635482
"p1k_00393","Crp-1",-11.7829903086667
"p1k_00464","Crp-1",-12.9097064214372
"p1k_00841","Crp-1",-13.4109337017845
"p1k_00584","Crp-1",-11.3724627167195
"p1k_00240","Crp-1",-6.5938929139347
"p1k_00222","Crp-1",-13.2286609232205
"p1k_00844","Crp-1",-13.4109034347764
"p1k_00258","Crp-1",-13.4007361782931
"p1k_00613","Crp-1",-11.6675354679867
"p1k_00204","Crp-1",-10.9738986302271
"p1k_00766","Crp-1",-9.94917872139715
"p1k_00290","Crp-1",-11.5257440508063
"p1k_00166","Crp-1",-6.94189349532033
"p1k_00885","Crp-1",-11.8296472226524
"p1k_00048","Crp-1",-10.4378220759378
"p1k_00212","Crp-1",-10.5336265026034
"p1k_00917","Crp-1",-11.5870012641385
"p1k_00976","Crp-1",-6.46054133270835
"p1k_00698","Crp-1",-11.5723697323603
"p1k_00817","Crp-1",-11.2041352795681
"p1k_00894","Crp-1",-8.62134998183672
"p1k_00495","Crp-1",-13.3744026739058
"p1k_00954","Crp-1",-10.884208831754
"p1k_00263","Crp-1",-11.5614901209501
"p1k_00569","Crp-1",-11.7524172809022
"p1k_00156","Crp-1",-6.89458789268418
"p1k_00849","Crp-1",-13.4109215151369
"p1k_00371","Crp-1",-11.8350694907696
"p1k_00073","Crp-1",-11.4069100408626
"p1k_00446","Crp-1",-11.4847815796772
"p1k_00564","Crp-1",-11.7385025447732
"p1k_00189","Crp-1",-11.8019411665433
"p1k_00100","Crp-1",-11.5040755021093
"p1k_00347","Crp-1",-13.4068138138175
"p1k_00628","Crp-1",-10.7284135847298
"starve_series__t05_starve","Crp-1",-5.67714903373847
"p1k_01023","Crp-1",-6.52050999322585
"p1k_00665","Crp-1",-10.4371094283569
"p1k_00523","Crp-1",-11.6424271753363
"p1k_00905","Crp-1",-7.19103964525902
"p1k_00729","Crp-1",-13.1436338299924
"p1k_00898","Crp-1",-13.4069522295529
"p1k_00355","Crp-1",-11.5392474640429
"p1k_00537","Crp-1",-11.7239214274775
"p1k_00161","Crp-1",-11.4779602095716
"p1k_00099","Crp-1",-6.62165427426338
"p1k_00132","Crp-1",-11.8512618086783
"p1k_00688","Crp-1",-6.73252119267597
"p1k_00025","Crp-1",-12.9482812086518
"p1k_00054","Crp-1",-7.14133937102337
"p1k_00658","Crp-1",-7.0417892088045
"p1k_00120","Crp-1",-8.04861289346635
"p1k_00131","Crp-1",-11.6937083296046
"p1k_00633","Crp-1",-13.1672533870581
"starve_series__t17_starve","Crp-1",-6.05317662135851
"p1k_00943","Crp-1",-6.54760266628233
"p1k_00462","Crp-1",-6.61133573597599
"p1k_00112","Crp-1",-11.2580606810214
"p1k_00686","Crp-1",-7.3315427585583
"p1k_00154","Crp-1",-8.00660161532201
"p1k_00059","Crp-1",-7.10239243643637
"p1k_00484","Crp-1",-6.31896563457165
"p1k_00863","Crp-1",-11.1067427506769
"p1k_00469","Crp-1",-6.48748677889636
"p1k_00237","Crp-1",-7.16774945583123
"p1k_00638","Crp-1",-13.4058299412556
"p1k_00649","Crp-1",-8.74946302180279
"p1k_00828","Crp-1",-13.2960623129422
"p1k_00007","Crp-1",-13.39340069576
"p1k_00977","Crp-1",-8.90778026157587
"p1k_00391","Crp-1",-13.2460226573073
"p1k_01024","Crp-1",-6.57995655915888
"p1k_01025","Crp-1",-13.4051721436337
"p1k_00608","Crp-1",-11.7063353492545
"p1k_00749","Crp-1",-11.7880679286086
"p1k_00675","Crp-1",-10.4360299019485
"p1k_00390","Crp-1",-11.7988859757664
"p1k_00599","Crp-1",-11.6980765076341
"p1k_00891","Crp-1",-13.2635468545061
"p1k_00906","Crp-1",-8.451311717872
"p1k_00861","Crp-1",-11.6857232130995
"p1k_00206","Crp-1",-7.08189084769303
"p1k_00005","Crp-1",-11.2115635687377
"p1k_00223","Crp-1",-11.6071097884959
"p1k_00878","Crp-1",-11.6960407414451
"p1k_00445","Crp-1",-11.5886841644452
"p1k_00672","Crp-1",-7.90545803036593
"p1k_00250","Crp-1",-6.53422603596598
"p1k_00379","Crp-1",-13.4103121899175
"p1k_01030","Crp-1",-6.49749622493458
"p1k_00466","Crp-1",-6.00318549506055
"p1k_00640","Crp-1",-11.8276584229288
"p1k_00203","Crp-1",-11.0476075640014
"p1k_00108","Crp-1",-7.19258430570392
"p1k_00501","Crp-1",-7.62832453291908
"p1k_00202","Crp-1",-11.0016784771308
"p1k_00178","Crp-1",-11.4381890125031
"p1k_00072","Crp-1",-11.108908384782
"p1k_00740","Crp-1",-11.6730103326532
"p1k_00109","Crp-1",-7.16192784399702
"p1k_00319","Crp-1",-13.2495337490325
"p1k_01045","Crp-1",-11.4458475411161
"p1k_00869","Crp-1",-11.7155991640527
"p1k_01051","Crp-1",-7.10560996475262
"p1k_00545","Crp-1",-13.4092395650309
"p1k_01015","Crp-1",-6.64071206909945
"p1k_00283","Crp-1",-13.280819883562
"p1k_00839","Crp-1",-11.830774570868
"p1k_00298","Crp-1",-10.8929969878806
"p1k_00467","Crp-1",-6.18795446060482
"p1k_00170","Crp-1",-11.1019424804997
"p1k_00361","Crp-1",-13.4097494517852
"p1k_01022","Crp-1",-6.5308704102228
"p1k_00141","Crp-1",-13.4063045768263
"p1k_00815","Crp-1",-8.37145734674985
"p1k_00595","Crp-1",-11.7275779497763
"p1k_00673","Crp-1",-13.4016569862231
"p1k_00660","Crp-1",-13.030851844338
"p1k_00505","Crp-1",-11.6954068112268
"p1k_00055","Crp-1",-7.19338012441805
"p1k_00671","Crp-1",-11.3517278754703
"p1k_00714","Crp-1",-11.7297713308358
"p1k_00424","Crp-1",-13.4090627265422
"p1k_00151","Crp-1",-11.0091592648382
"p1k_00747","Crp-1",-11.7285203775577
"p1k_00959","Crp-1",-8.16603768880572
"p1k_00587","Crp-1",-13.2688753274532
"p1k_00106","Crp-1",-7.09461810707517
"p1k_00687","Crp-1",-7.18182852911227
"p1k_00147","Crp-1",-13.4059294570507
"p1k_00087","Crp-1",-6.54399348238774
"p1k_00121","Crp-1",-7.83802041457923
"p1k_00670","Crp-1",-11.7942935885579
"p1k_00883","Crp-1",-11.696382776276
"p1k_00487","Crp-1",-6.85788781093556
"p1k_00887","Crp-1",-7.59015931147633
"p1k_00043","Crp-1",-10.6417790556606
"p1k_00533","Crp-1",-13.1971484048612
"p1k_00113","Crp-1",-7.93086391876339
"p1k_00609","Crp-1",-13.4099511914642
"p1k_00992","Crp-1",-6.53710396063529
"p1k_00697","Crp-1",-7.92858859019518
"p1k_00227","Crp-1",-11.2062057673054
"p1k_00750","Crp-1",-11.8092568660855
"p1k_00125","Crp-1",-11.6401018843278
"p1k_00597","Crp-1",-13.2461427528874
"p1k_00611","Crp-1",-11.8389515741313
"p1k_01039","Crp-1",-11.0841380341047
"p1k_00478","Crp-1",-13.4034178191219
"p1k_00993","Crp-1",-12.4400117297629
"p1k_00160","Crp-1",-11.5841156070533
"p1k_00518","Crp-1",-10.9712290284132
"p1k_00809","Crp-1",-13.2264054746412
"p1k_00942","Crp-1",-10.1771099573236
"p1k_00519","Crp-1",-11.504882634554
"p1k_00349","Crp-1",-11.1222419262114
"p1k_00418","Crp-1",-11.6908193793796
"p1k_01046","Crp-1",-11.508423579038
"p1k_00102","Crp-1",-11.6601052695429
"p1k_00217","Crp-1",-6.91833350198543
"p1k_00860","Crp-1",-11.4261477966626
"p1k_00358","Crp-1",-7.67752482468552
"p1k_00790","Crp-1",-11.6652412118447
"p1k_01052","Crp-1",-8.09308692667198
"p1k_00327","Crp-1",-11.6049495440687
"p1k_00085","Crp-1",-7.13765737848992
"p1k_00773","Crp-1",-11.7012172582356
"p1k_00978","Crp-1",-10.8071890143955
"starve_series__t26_growth2","Crp-1",-11.1513383601432
"p1k_00681","Crp-1",-13.3994605564297
"p1k_00307","Crp-1",-11.0832922907064
"p1k_00813","Crp-1",-10.8233761407965
"p1k_00045","Crp-1",-11.2098524295482
"p1k_00485","Crp-1",-7.00598586631575
"p1k_00721","Crp-1",-8.4375412843171
"p1k_00722","Crp-1",-13.1804991833955
"p1k_00736","Crp-1",-13.4055787961747
"p1k_00002","Crp-1",-9.50663481665608
"p1k_00556","Crp-1",-12.9762652819345
"p1k_00605","Crp-1",-11.5583898884557
"p1k_00023","Crp-1",-7.57657633106868
"p1k_00907","Crp-1",-13.4049180284286
"p1k_01047","Crp-1",-13.3931462053503
"p1k_00385","Crp-1",-13.4059105186135
"p1k_00405","Crp-1",-11.6895674958016
"p1k_01034","Crp-1",-6.51045262704514
"p1k_00346","Crp-1",-11.6611058251118
"p1k_01012","Crp-1",-11.0526092793918
"p1k_00557","Crp-1",-13.1212152072132
"p1k_00092","Crp-1",-6.62389720779706
"p1k_00463","Crp-1",-6.64785601368679
"p1k_00710","Crp-1",-11.6576471200746
"p1k_00882","Crp-1",-11.7199703060783
"p1k_00244","Crp-1",-7.5916677690775
"p1k_00708","Crp-1",-7.27125458726025
"p1k_00567","Crp-1",-11.6889202632101
"p1k_00738","Crp-1",-11.6124262232084
"p1k_00004","Crp-1",-7.13931077069656
"p1k_00197","Crp-1",-7.29707002260946
"p1k_01036","Crp-1",-6.51815463711027
"p1k_00150","Crp-1",-10.7124777141921
"p1k_00168","Crp-1",-6.17585665730817
"p1k_00734","Crp-1",-11.5496018175596
"p1k_00986","Crp-1",-13.1586941667117
"p1k_00312","Crp-1",-7.86407441668188
"p1k_00342","Crp-1",-11.2182314391
"p1k_00483","Crp-1",-6.33750122989909
"p1k_01043","Crp-1",-6.63939999996672
"starve_series__t01_starve","Crp-1",-6.10494902565964
"p1k_00998","Crp-1",-13.4030745949546
"p1k_00295","Crp-1",-11.6876615681237
"p1k_00299","Crp-1",-7.99961201176167
"p1k_00947","Crp-1",-10.7554567622824
"p1k_00769","Crp-1",-11.7259280308954
"p1k_00079","Crp-1",-11.1910782950673
"p1k_00620","Crp-1",-11.5311834685059
"p1k_00624","Crp-1",-10.9776315381039
"p1k_00364","Crp-1",-11.3345481234683
"p1k_00782","Crp-1",-11.6953513255945
"p1k_00155","Crp-1",-11.6683609308339
"p1k_00180","Crp-1",-6.97502290079599
"p1k_00515","Crp-1",-11.8052670982013
"p1k_00784","Crp-1",-11.6760011356809
"p1k_00235","Crp-1",-6.98376639649027
"p1k_00598","Crp-1",-11.7605943908985
"p1k_00655","Crp-1",-7.3193510954707
"p1k_00952","Crp-1",-6.59582578393951
"p1k_00369","Crp-1",-11.4024558085087
"starve_series__t12_starve","Crp-1",-5.79226848851776
"p1k_00018","Crp-1",-7.71699607303105
"p1k_00110","Crp-1",-11.1771001128016
"p1k_00822","Crp-1",-11.9051359907102
"p1k_00083","Crp-1",-6.59608176534798
"p1k_00339","Crp-1",-11.7047603926651
"p1k_00257","Crp-1",-13.4000630085619
"p1k_00101","Crp-1",-11.6828974790305
"p1k_00591","Crp-1",-13.2931092972473
"p1k_00111","Crp-1",-11.3350640416182
"p1k_00448","Crp-1",-10.4404345428346
"p1k_00378","Crp-1",-13.3748632164148
"p1k_00516","Crp-1",-11.801728631733
"p1k_00792","Crp-1",-13.4067904823008
"starve_series__t23_growth2","Crp-1",-11.6401007080421
"p1k_00077","Crp-1",-7.58351593664642
"p1k_00603","Crp-1",-11.7387110522328
"p1k_00116","Crp-1",-13.4027622956177
"p1k_00751","Crp-1",-11.7919458510984
"p1k_00365","Crp-1",-13.2616315159533
"p1k_00181","Crp-1",-11.4372115167349
"p1k_00292","Crp-1",-8.72721792680953
"p1k_00097","Crp-1",-12.9517867006296
"p1k_00266","Crp-1",-11.2594197273544
"p1k_00052","Crp-1",-13.4061948972116
"p1k_00774","Crp-1",-13.4079399987432
"p1k_00932","Crp-1",-8.06610266449234
"p1k_00626","Crp-1",-11.4631866282536
"p1k_00973","Crp-1",-6.37499432850557
"p1k_00682","Crp-1",-11.6205363311048
"p1k_00890","Crp-1",-8.94624597683694
"p1k_01010","Crp-1",-8.61996968872734
"p1k_00702","Crp-1",-13.0853711671235
"p1k_00900","Crp-1",-8.06852146952124
"p1k_00851","Crp-1",-11.875135762744
"p1k_00602","Crp-1",-13.1534137161832
"p1k_00219","Crp-1",-13.1717875916808
"p1k_00318","Crp-1",-11.4777994469016
"p1k_00408","Crp-1",-13.4085204517329
"p1k_00497","Crp-1",-6.06244962501706
"p1k_00581","Crp-1",-11.7961193352227
"p1k_01016","Crp-1",-6.57013192391027
"p1k_00855","Crp-1",-11.7307905544678
"p1k_00680","Crp-1",-11.1997587390707
"p1k_01003","Crp-1",-11.2138817205195
"p1k_00788","Crp-1",-11.6707975231746
"p1k_00852","Crp-1",-13.4202164033832
"p1k_00031","Crp-1",-8.49800705310677
"starve_series__t04_starve","Crp-1",-10.7019280777038
"p1k_00145","Crp-1",-6.77387215045162
"p1k_00078","Crp-1",-7.15349181893353
"p1k_00276","Crp-1",-11.4843863521575
"p1k_00939","Crp-1",-6.51312480914027
"p1k_00810","Crp-1",-13.245037647649
"p1k_00940","Crp-1",-6.58298151665612
"p1k_00541","Crp-1",-11.7557413088722
"p1k_00060","Crp-1",-11.5112696156278
"p1k_00818","Crp-1",-13.4056912371587
"p1k_00122","Crp-1",-13.2582582778932
"p1k_00392","Crp-1",-11.754080881198
"starve_series__t18_starve","Crp-1",-6.13320821399
"p1k_00636","Crp-1",-10.9920633888351
"p1k_00858","Crp-1",-13.3230814318482
"p1k_00230","Crp-1",-6.83501488168934
"p1k_00846","Crp-1",-11.8530183742619
"p1k_00705","Crp-1",-10.3857031657714
"p1k_00033","Crp-1",-8.40793217700764
"p1k_00281","Crp-1",-7.98218884333871
"p1k_00912","Crp-1",-11.8223333513788
"p1k_00812","Crp-1",-13.2272078407671
"p1k_00543","Crp-1",-11.7905911153569
"p1k_00252","Crp-1",-6.67659041290358
"p1k_00489","Crp-1",-13.0833332698336
"p1k_00931","Crp-1",-11.2808475419159
"p1k_00522","Crp-1",-13.2553172915445
"p1k_00438","Crp-1",-13.2654142038473
"p1k_00930","Crp-1",-10.8264923245021
"p1k_00460","Crp-1",-6.66384391799518
"p1k_00089","Crp-1",-13.4026853605544
"p1k_01044","Crp-1",-6.61664381193844
"p1k_00058","Crp-1",-13.3929770659587
"p1k_00136","Crp-1",-11.7277517133709
"p1k_00411","Crp-1",-11.7599621579878
"p1k_00711","Crp-1",-11.7604995934406
"p1k_00137","Crp-1",-11.9457573335272
"p1k_00210","Crp-1",-7.59102926418273
"p1k_00754","Crp-1",-7.96254502511812
"p1k_00184","Crp-1",-7.10436948438312
"p1k_00228","Crp-1",-13.4049053897326
"p1k_00221","Crp-1",-11.3478586503742
"p1k_00644","Crp-1",-11.2784975798634
"p1k_01004","Crp-1",-11.199777072528
"p1k_00387","Crp-1",-13.3169421969181
"p1k_00255","Crp-1",-13.0594462083091
"p1k_00397","Crp-1",-13.4092704141399
"p1k_00586","Crp-1",-11.6964857040005
"p1k_00823","Crp-1",-11.9054229335959
"p1k_00243","Crp-1",-7.53273186375461
"p1k_00798","Crp-1",-13.404189123621
"p1k_00035","Crp-1",-13.1736490453497
"p1k_00231","Crp-1",-6.96423460512654
"p1k_01001","Crp-1",-6.48097955268458
"p1k_00016","Crp-1",-13.4024981091578
"p1k_00431","Crp-1",-11.6398666942672
"p1k_00468","Crp-1",-6.1176371566543
"p1k_00064","Crp-1",-7.08798774959729
"p1k_00377","Crp-1",-11.8280093987659
"p1k_00268","Crp-1",-10.7078763872158
"p1k_00153","Crp-1",-12.928780868668
"p1k_00509","Crp-1",-7.05557094657841
"p1k_00971","Crp-1",-6.41949252122199
"starve_series__t28_growth2","Crp-1",-8.12024880181997
"p1k_00389","Crp-1",-11.6814496530823
"p1k_00245","Crp-1",-13.4010179511911
"p1k_00678","Crp-1",-11.3857429607434
"p1k_00924","Crp-1",-12.8579413412485
"p1k_00968","Crp-1",-6.53401750513114
"p1k_00617","Crp-1",-11.7555109792918
"p1k_00103","Crp-1",-7.46194837575652
"p1k_00123","Crp-1",-7.60791988621907
"p1k_00017","Crp-1",-13.1640940992818
"p1k_00253","Crp-1",-12.5257763898438
"p1k_00781","Crp-1",-11.7715487019292
"p1k_00895","Crp-1",-13.4001250676697
"p1k_00625","Crp-1",-13.1537215192868
"p1k_00919","Crp-1",-10.6450927083502
"p1k_00061","Crp-1",-11.387965105005
"p1k_01000","Crp-1",-6.57372344821557
"p1k_00433","Crp-1",-11.8469590667791
"p1k_00032","Crp-1",-6.94267567256486
"p1k_00133","Crp-1",-6.94876455126808
"p1k_00094","Crp-1",-13.3579262828191
"p1k_00362","Crp-1",-13.4100312853833
"p1k_00970","Crp-1",-6.4467857382111
"p1k_00824","Crp-1",-11.8143319062241
"p1k_00182","Crp-1",-11.6723880802268
"p1k_00429","Crp-1",-11.6229508802974
"p1k_00723","Crp-1",-13.2853556084748
"p1k_00829","Crp-1",-11.5681323146401
"p1k_00735","Crp-1",-7.77186558510489
"p1k_00583","Crp-1",-11.7691812849112
"starve_series__t07_starve","Crp-1",-5.79106638195735
"p1k_00876","Crp-1",-10.60858638938
"p1k_00837","Crp-1",-11.814685672722
"p1k_00544","Crp-1",-11.772210719695
"p1k_00728","Crp-1",-13.407027048603
"p1k_00401","Crp-1",-11.7610099148831
"p1k_00241","Crp-1",-7.5237649966867
"p1k_00771","Crp-1",-11.7268586045477
"p1k_00441","Crp-1",-11.5780230985413
"p1k_00848","Crp-1",-11.8145885738921
"p1k_00348","Crp-1",-13.4072483053292
"p1k_00198","Crp-1",-12.9487567937179
"p1k_00287","Crp-1",-13.4048582568349
"p1k_00663","Crp-1",-7.84600426127196
"p1k_00803","Crp-1",-11.4314205717632
"p1k_00359","Crp-1",-11.7910334984382
"p1k_00076","Crp-1",-7.68773886736912
"p1k_00787","Crp-1",-13.4089337996072
"p1k_00694","Crp-1",-11.2819856993941
"p1k_00588","Crp-1",-11.8640015490578
"p1k_00396","Crp-1",-11.7668015246705
"p1k_00979","Crp-1",-13.3576775582696
"p1k_00264","Crp-1",-11.56336807333
"p1k_00174","Crp-1",-11.5652218494183
"p1k_00983","Crp-1",-13.2074609521775
"p1k_00775","Crp-1",-11.6903063331858
"p1k_00201","Crp-1",-8.54539738450388
"p1k_00786","Crp-1",-11.8036375288424
"p1k_00065","Crp-1",-13.0334303802431
"p1k_00177","Crp-1",-11.6084905868311
"p1k_00239","Crp-1",-13.3686564709104
"p1k_00309","Crp-1",-13.4011752323143
"p1k_00847","Crp-1",-13.4202164033832
"p1k_00945","Crp-1",-6.4836009613627
"p1k_00442","Crp-1",-11.4971846959808
"p1k_00229","Crp-1",-6.91091147255408
"p1k_00770","Crp-1",-13.2589138278847
"p1k_00164","Crp-1",-13.4075157930483
"p1k_00614","Crp-1",-13.4027183352752
"p1k_00008","Crp-1",-7.0610522303846
"p1k_00436","Crp-1",-11.7033675281394
"p1k_00726","Crp-1",-11.6938682762947
"p1k_01049","Crp-1",-7.08827483443542
"p1k_00703","Crp-1",-10.9502590957385
"p1k_00481","Crp-1",-6.04159600979835
"p1k_00304","Crp-1",-12.3283265503359
"p1k_00470","Crp-1",-12.4608840686768
"p1k_00199","Crp-1",-7.76550433915068
"p1k_00114","Crp-1",-13.4035852052392
"p1k_01002","Crp-1",-6.55585267216968
"p1k_00242","Crp-1",-7.39061554126623
"p1k_01029","Crp-1",-6.54670766785609
"p1k_00873","Crp-1",-11.1967772262258
"p1k_01031","Crp-1",-6.48424714452481
"starve_series__t08_starve","Crp-1",-5.75417900956513
"p1k_00452","Crp-1",-7.44412399354751
"p1k_00398","Crp-1",-11.6712088564344
"p1k_00683","Crp-1",-11.7307579083166
"p1k_00689","Crp-1",-6.47440149768117
"p1k_00881","Crp-1",-11.8051631100451
"p1k_00080","Crp-1",-11.1431462469824
"p1k_00420","Crp-1",-11.6389391224762
"p1k_01011","Crp-1",-13.269933763694
"p1k_00331","Crp-1",-11.6173469837212
"p1k_00444","Crp-1",-8.24380705852938
"p1k_00053","Crp-1",-13.1997316525678
"p1k_00528","Crp-1",-11.5506821254845
"p1k_00843","Crp-1",-13.4202164033832
"p1k_00695","Crp-1",-13.4062720137774
"p1k_00306","Crp-1",-12.9453715485885
"p1k_00596","Crp-1",-11.8055204372266
"p1k_00050","Crp-1",-13.0133953088593
"p1k_00554","Crp-1",-11.217769661655
"p1k_00246","Crp-1",-13.3999117084439
"p1k_01027","Crp-1",-12.4679199224954
"p1k_00071","Crp-1",-13.405600445703
"p1k_00157","Crp-1",-11.0297930850207
"p1k_00350","Crp-1",-13.1411830782274
"p1k_00730","Crp-1",-11.5610393496939
"p1k_00745","Crp-1",-13.3288636074295
"p1k_00964","Crp-1",-6.572657509293
"p1k_00406","Crp-1",-13.4088615394413
"p1k_00186","Crp-1",-13.4075106148841
"p1k_00098","Crp-1",-6.62897078105698
"p1k_00615","Crp-1",-8.27140327419166
"p1k_00880","Crp-1",-13.4086458209036
"p1k_00668","Crp-1",-11.4127660127123
"p1k_00561","Crp-1",-13.2748808574338
"p1k_00656","Crp-1",-13.4071111232009
"p1k_00353","Crp-1",-13.2494474931632
"p1k_00524","Crp-1",-13.339162213115
"p1k_00030","Crp-1",-7.94499949848315
"p1k_00081","Crp-1",-11.281893052503
"p1k_00927","Crp-1",-12.5248609378179
"p1k_00953","Crp-1",-13.4047707697101
"p1k_00211","Crp-1",-10.5973057692295
"p1k_00901","Crp-1",-7.56248141817806
"p1k_00115","Crp-1",-13.4034252251494
"p1k_00573","Crp-1",-9.91720335867478
"p1k_00356","Crp-1",-11.841702761514
"p1k_00134","Crp-1",-11.5578506419071
"p1k_00021","Crp-1",-8.6450288564467
"p1k_00692","Crp-1",-8.08684255125759
"p1k_01009","Crp-1",-13.4051081068668
"p1k_00091","Crp-1",-8.09820899044872
"starve_series__t21_growth2","Crp-1",-11.9542579607719
"p1k_00989","Crp-1",-6.43896558926182
"p1k_00027","Crp-1",-10.8294966480697
"p1k_00301","Crp-1",-7.66164048993719
"p1k_00842","Crp-1",-13.4109040707656
"p1k_00345","Crp-1",-11.3248834638834
"starve_series__t10_starve","Crp-1",-13.1960557483832
"p1k_00010","Crp-1",-10.5167759595755
"p1k_00659","Crp-1",-6.95424487992172
"p1k_00472","Crp-1",-6.51109820736652
"p1k_00294","Crp-1",-11.6002731942899
"p1k_00502","Crp-1",-7.83871599422052
"p1k_00328","Crp-1",-13.3297776924723
"p1k_00090","Crp-1",-8.96452978815411
"p1k_00909","Crp-1",-8.00829620376158
"p1k_00416","Crp-1",-13.2175041753596
"p1k_00780","Crp-1",-11.7501640372206
"p1k_00380","Crp-1",-13.4103627427302
"p1k_00520","Crp-1",-13.4054150358821
"p1k_00521","Crp-1",-11.3068078907747
"p1k_00020","Crp-1",-13.4010982688187
"p1k_00275","Crp-1",-11.5060396604454
"p1k_00425","Crp-1",-13.2481246292833
"p1k_00981","Crp-1",-6.42284043901453
"p1k_00574","Crp-1",-11.7934520768733
"p1k_00357","Crp-1",-13.3075836665545
"p1k_00394","Crp-1",-11.6208130984106
"p1k_00762","Crp-1",-6.85581712528924
"p1k_00601","Crp-1",-11.9050061624456
"p1k_00529","Crp-1",-11.6151158227287
"p1k_01007","Crp-1",-6.63073832403015
"p1k_00332","Crp-1",-11.8532767416988
"starve_series__t02_starve","Crp-1",-5.74007480941358
"p1k_00475","Crp-1",-13.4040405051112
"p1k_00804","Crp-1",-11.4107297348712
"p1k_00500","Crp-1",-6.6916361710632
"p1k_00068","Crp-1",-11.341268806967
"p1k_00037","Crp-1",-8.4480362865861
"p1k_00951","Crp-1",-6.58048021475966
"p1k_00063","Crp-1",-7.13339720958919
"p1k_00816","Crp-1",-13.4045397848015
"p1k_00213","Crp-1",-10.8974227445173
"p1k_00514","Crp-1",-12.001254161494
"p1k_00555","Crp-1",-11.7325186354556
"p1k_01021","Crp-1",-6.49834151341928
"p1k_00040","Crp-1",-10.6678781369979
"p1k_00639","Crp-1",-11.1888606493792
"p1k_00877","Crp-1",-8.10062593705826
"p1k_00562","Crp-1",-11.7110638846618
"p1k_00627","Crp-1",-9.81511217887289
"p1k_00311","Crp-1",-7.95483570083907
"p1k_00352","Crp-1",-11.452437878273
"p1k_00820","Crp-1",-11.0865656681182
"p1k_00402","Crp-1",-11.8073104074494
"p1k_01020","Crp-1",-6.7388744090514
"p1k_00334","Crp-1",-11.644053943222
"p1k_00853","Crp-1",-12.0823029021849
"p1k_00486","Crp-1",-6.97846243003883
"p1k_01006","Crp-1",-6.72213982542507
"p1k_00884","Crp-1",-13.3444635131847
"p1k_01008","Crp-1",-6.65647544018744
"p1k_00490","Crp-1",-7.39640897460421
"p1k_00531","Crp-1",-11.8153453736389
"p1k_00800","Crp-1",-10.9307187738152
"p1k_00826","Crp-1",-11.9055716732529
"p1k_00990","Crp-1",-6.60582813816637
"p1k_00280","Crp-1",-7.10140542594364
"p1k_00465","Crp-1",-5.99889292575313
"p1k_00664","Crp-1",-10.5395586853419
"p1k_00148","Crp-1",-10.5791740987982
"p1k_00934","Crp-1",-13.4040053889952
"p1k_00955","Crp-1",-6.60484758019258
"p1k_00857","Crp-1",-13.4081939192412
"p1k_00835","Crp-1",-11.8751465263171
"p1k_00278","Crp-1",-11.7497591759507
"p1k_00758","Crp-1",-13.4092805554145
"p1k_01026","Crp-1",-13.2592299766971
"p1k_00743","Crp-1",-13.4037935866286
"p1k_00289","Crp-1",-11.6333623949818
"p1k_00214","Crp-1",-11.1209875327785
"p1k_00412","Crp-1",-11.711020472413
"p1k_00889","Crp-1",-13.0701177252569
"p1k_00674","Crp-1",-12.6261512586471
"p1k_00793","Crp-1",-13.4088346080619
"p1k_00661","Crp-1",-7.52778060100629
"p1k_00958","Crp-1",-6.50328346286072
"p1k_00496","Crp-1",-6.60593861649358
"p1k_00765","Crp-1",-8.97153080423004
"p1k_00205","Crp-1",-6.90063455960061
"p1k_00629","Crp-1",-13.101107979936
"p1k_00374","Crp-1",-13.4098788285666
"p1k_00874","Crp-1",-11.5203145479941
"p1k_00172","Crp-1",-10.8426186151839
"p1k_00226","Crp-1",-10.972669309796
"p1k_01032","Crp-1",-10.5706021159133
"p1k_00527","Crp-1",-10.9329860195215
"p1k_00525","Crp-1",-11.753945531934
"p1k_00791","Crp-1",-11.5664632574152
"starve_series__t14_starve","Crp-1",-5.77597212988142
"p1k_00036","Crp-1",-13.1960535631933
"p1k_00208","Crp-1",-11.1555009301027
"p1k_00337","Crp-1",-11.7725436106969
"p1k_00768","Crp-1",-11.591752786544
"p1k_00825","Crp-1",-11.8118539139647
"p1k_00956","Crp-1",-6.54975253674918
"p1k_00814","Crp-1",-10.6534807652121
"p1k_00119","Crp-1",-13.2816437829769
"p1k_00856","Crp-1",-12.0713000182941
"p1k_00796","Crp-1",-10.9886691875445
"p1k_00920","Crp-1",-11.2420697976708
"p1k_00540","Crp-1",-13.4092489641678
"p1k_00724","Crp-1",-11.6066942065843
"p1k_00831","Crp-1",-13.4201970285286
"p1k_00272","Crp-1",-11.5924555303603
"p1k_00526","Crp-1",-11.8097096352778
"p1k_01013","Crp-1",-13.4056546556365
"p1k_00933","Crp-1",-8.0012811368278
"p1k_00985","Crp-1",-7.92257264691706
"p1k_00833","Crp-1",-13.4202164033832
"p1k_00317","Crp-1",-11.7199703062125
"p1k_00127","Crp-1",-13.0885689445368
"p1k_00535","Crp-1",-11.618535597937
"p1k_00051","Crp-1",-11.1405741280719
"p1k_00370","Crp-1",-11.2157176834231
"p1k_01042","Crp-1",-6.50616643619868
"p1k_00669","Crp-1",-11.4453364714787
"p1k_00921","Crp-1",-13.4063127864759
"p1k_00277","Crp-1",-11.6568238519074
"p1k_00717","Crp-1",-12.8225155772171
"p1k_00733","Crp-1",-13.1524538917339
"p1k_00950","Crp-1",-6.55288673742443
"p1k_00742","Crp-1",-11.6157135903431
"p1k_00534","Crp-1",-11.6260109758158
"p1k_00038","Crp-1",-7.2494084577565
"p1k_00704","Crp-1",-11.3759599334371
"p1k_00870","Crp-1",-11.6536018273332
"p1k_00162","Crp-1",-11.4710003377285
"p1k_00476","Crp-1",-10.0087569769564
"p1k_00404","Crp-1",-13.2725989725259
"p1k_00138","Crp-1",-8.18795331141039
"p1k_00194","Crp-1",-7.19300809557475
"p1k_00439","Crp-1",-11.7069327710468
"p1k_00716","Crp-1",-7.98703592901403
"p1k_00691","Crp-1",-7.2877172333249
"p1k_00915","Crp-1",-10.6994192207371
"p1k_00693","Crp-1",-7.60524038394939
"p1k_00074","Crp-1",-11.6474322370317
"p1k_01019","Crp-1",-10.1016151983553
"p1k_00130","Crp-1",-13.4072799345095
"p1k_00802","Crp-1",-10.8021907028026
"p1k_00761","Crp-1",-6.78977176832146
"p1k_00645","Crp-1",-9.89068080594831
"p1k_00946","Crp-1",-6.50988807623967
"p1k_00437","Crp-1",-11.7908908892969
"p1k_00453","Crp-1",-7.69034295973158
"p1k_00577","Crp-1",-11.4742779218847
"p1k_00845","Crp-1",-11.905544511055
"p1k_00082","Crp-1",-6.61674422582827
"p1k_00559","Crp-1",-13.3385330671261
"p1k_00938","Crp-1",-6.55085484254006
"p1k_00479","Crp-1",-11.6829420191033
"p1k_00139","Crp-1",-11.795615934467
"p1k_00159","Crp-1",-11.5024751441023
"p1k_00296","Crp-1",-11.6651227223574
"p1k_01033","Crp-1",-13.1821844599536
"p1k_00414","Crp-1",-13.4090380022683
"p1k_00192","Crp-1",-8.44036266666423
"p1k_00731","Crp-1",-11.4020426336548
"p1k_00936","Crp-1",-13.4045589482598
"p1k_00580","Crp-1",-11.961080958268
"p1k_00095","Crp-1",-6.45737833180625
"p1k_00551","Crp-1",-11.7607571220763
"p1k_00381","Crp-1",-8.26116690666391
"p1k_00473","Crp-1",-8.61355213221605
"p1k_00187","Crp-1",-11.7273175351165
"p1k_00904","Crp-1",-7.20676249604072
"p1k_00949","Crp-1",-6.60937049369204
"p1k_00753","Crp-1",-10.6294836406765
"p1k_00700","Crp-1",-11.7389145573722
"p1k_00538","Crp-1",-11.4438121905781
"p1k_00549","Crp-1",-13.4084764875585
"p1k_00879","Crp-1",-11.9470980094738
"p1k_00455","Crp-1",-5.89872218116699
"p1k_00313","Crp-1",-11.5326629043015
"p1k_00776","Crp-1",-11.7335546717668
"p1k_00284","Crp-1",-11.7305902657966
"p1k_00193","Crp-1",-7.04774044059593
"p1k_00419","Crp-1",-13.4084590732642
"starve_series__t27_growth2","Crp-1",-11.173954569077
"p1k_00096","Crp-1",-7.09396138834413
"p1k_00706","Crp-1",-11.5120813388489
"p1k_00386","Crp-1",-12.0552972603041
"p1k_00247","Crp-1",-6.43095887890177
"p1k_00553","Crp-1",-11.7567403530616
"p1k_00507","Crp-1",-6.56960201146247
"p1k_00916","Crp-1",-11.4077985373928
"p1k_00563","Crp-1",-13.2886945017664
"p1k_00767","Crp-1",-13.242594317312
"p1k_01028","Crp-1",-13.3898176649899
"p1k_00286","Crp-1",-10.8646351330692
"p1k_00579","Crp-1",-11.7054275392112
"p1k_00297","Crp-1",-10.6573282856066
"p1k_00941","Crp-1",-6.5136643639844
"p1k_00918","Crp-1",-13.0348393585929
"p1k_00316","Crp-1",-13.4033260192152
"p1k_01005","Crp-1",-6.72904668480619
"p1k_01041","Crp-1",-6.87402517057332
"p1k_00867","Crp-1",-11.771075363641
"p1k_00763","Crp-1",-11.7994843205654
"p1k_00982","Crp-1",-11.5305211372468
"p1k_01053","Crp-1",-6.54586049038129
"p1k_00179","Crp-1",-12.6303743985846
"p1k_00421","Crp-1",-13.4089865648312
"p1k_00165","Crp-1",-13.3844906447938
"p1k_00407","Crp-1",-13.408971832902
"p1k_00967","Crp-1",-6.5561395045264
"p1k_01050","Crp-1",-13.3939400219443
"p1k_00169","Crp-1",-13.4048731543423
"p1k_00997","Crp-1",-8.02916851437769
"p1k_00126","Crp-1",-11.7043158884692
"p1k_00667","Crp-1",-7.59678726772998
"p1k_00443","Crp-1",-13.263628444436
"p1k_00265","Crp-1",-10.595867227491
"p1k_00827","Crp-1",-11.8307859623258
"p1k_00760","Crp-1",-11.7676041865091
"p1k_00233","Crp-1",-6.68859138770816
"p1k_00995","Crp-1",-12.1054039634634
"p1k_00254","Crp-1",-6.94880367347811
"p1k_00267","Crp-1",-11.1727488846377
"p1k_00209","Crp-1",-13.4012244085594
"p1k_00415","Crp-1",-13.1973253214981
"p1k_00432","Crp-1",-11.6579070393678
"p1k_00262","Crp-1",-13.4073622312167
"p1k_00962","Crp-1",-13.1467653226034
"p1k_00896","Crp-1",-7.70871365887508
"p1k_00260","Crp-1",-7.7623951688103
"p1k_00400","Crp-1",-11.7211189274287
"p1k_00135","Crp-1",-11.7802806316788
"p1k_00360","Crp-1",-11.6246278254436
"p1k_00215","Crp-1",-9.67719052835701
"p1k_00248","Crp-1",-6.32156093893536
"p1k_00994","Crp-1",-6.45797221816238
"p1k_00928","Crp-1",-7.18191408919622
"p1k_00807","Crp-1",-11.1735391856346
"p1k_00188","Crp-1",-11.8176008869973
"p1k_00303","Crp-1",-12.0279458884511
"p1k_00799","Crp-1",-10.5735993826981
"p1k_00086","Crp-1",-6.51646548797504
"p1k_00384","Crp-1",-13.4104417205231
"p1k_00830","Crp-1",-11.8146544114754
"p1k_00984","Crp-1",-8.06884643218961
"p1k_00001","Crp-1",-13.4043219190694
"p1k_00049","Crp-1",-7.95312392753292
"p1k_00513","Crp-1",-11.7490779423187
"p1k_00600","Crp-1",-11.9837959924858
"p1k_00249","Crp-1",-8.97072613656847
"p1k_00256","Crp-1",-9.50412672331225
"p1k_00641","Crp-1",-13.4057587980977
"p1k_00832","Crp-1",-11.8308172660307
"p1k_00965","Crp-1",-6.54359792687221
"p1k_00376","Crp-1",-10.9624674381977
"p1k_00759","Crp-1",-11.7813011397254
"p1k_00461","Crp-1",-6.59666068720272
"p1k_00026","Crp-1",-13.4000714097794
"p1k_00084","Crp-1",-7.173567815375
"p1k_00779","Crp-1",-13.2939548675814
"p1k_00991","Crp-1",-6.45065273387296
"p1k_00676","Crp-1",-13.1251763719575
"p1k_00070","Crp-1",-10.9152616101228
"p1k_00326","Crp-1",-11.6642091109223
"p1k_00594","Crp-1",-11.7387823982615
"p1k_00631","Crp-1",-13.0655858769365
"p1k_00789","Crp-1",-11.7570721079494
"p1k_00783","Crp-1",-11.7613043146821
"p1k_00329","Crp-1",-11.6168183388422
"p1k_00107","Crp-1",-7.1076488589466
"p1k_00795","Crp-1",-10.4983630363478
"p1k_00772","Crp-1",-11.9689682579192
"p1k_00972","Crp-1",-8.39258007639328
"p1k_00330","Crp-1",-11.8277324275244
"p1k_00572","Crp-1",-11.7548696454172
"p1k_00024","Crp-1",-8.65836351399607
"p1k_00140","Crp-1",-11.6014728353938
"p1k_00069","Crp-1",-10.6231985892338
"p1k_00590","Crp-1",-11.582856695804
"p1k_00589","Crp-1",-11.6392750286059
"p1k_00652","Crp-1",-11.5923499856136
"p1k_00715","Crp-1",-11.9361272616796
"p1k_00009","Crp-1",-10.6289612522842
"p1k_00427","Crp-1",-11.6737693088441
"p1k_00403","Crp-1",-11.6162066652058
"p1k_00190","Crp-1",-13.1783103377566
"p1k_00532","Crp-1",-11.9083062452658
"p1k_00944","Crp-1",-6.55682593872268
"p1k_00175","Crp-1",-11.4170657207922
"p1k_00707","Crp-1",-13.0851621973553
"p1k_00623","Crp-1",-6.70736701539637
"p1k_00143","Crp-1",-11.2733347281732
"p1k_00834","Crp-1",-13.4202164033832
"p1k_00727","Crp-1",-11.1847802076667
"p1k_00619","Crp-1",-7.68496347326269
"p1k_00635","Crp-1",-13.3838905392987
"p1k_00066","Crp-1",-7.11341568507903
"p1k_00777","Crp-1",-11.7215081980324
"p1k_00854","Crp-1",-11.7598363452749
"p1k_00323","Crp-1",-11.6603013357915
"p1k_00886","Crp-1",-13.4014710100752
"p1k_00999","Crp-1",-12.4640782161355
"p1k_00650","Crp-1",-13.4069590132316
"p1k_00067","Crp-1",-7.12576724591926
"p1k_00585","Crp-1",-11.5700922738838
"p1k_00699","Crp-1",-13.4073393920127
"p1k_00450","Crp-1",-13.3998233882855
"p1k_00957","Crp-1",-6.48132780893427
"p1k_00622","Crp-1",-13.3793281701679
"p1k_00794","Crp-1",-13.2708093009052
"p1k_00305","Crp-1",-7.53667714291798
"p1k_00351","Crp-1",-11.4130450497246
"p1k_00088","Crp-1",-13.248704180267
"p1k_00739","Crp-1",-13.40897278915
"p1k_01055","Crp-1",-13.3665718314021
"p1k_00744","Crp-1",-8.02606033792053
"p1k_00218","Crp-1",-7.11909797253495
"p1k_00310","Crp-1",-13.4013035739941
"p1k_00568","Crp-1",-13.1807599985239
"p1k_00677","Crp-1",-10.6670469214611
"p1k_00862","Crp-1",-10.8988803292052
"p1k_00566","Crp-1",-11.7244018718096
"starve_series__t22_growth2","Crp-1",-13.3993312605588
"p1k_00701","Crp-1",-13.1676844860047
"p1k_00044","Crp-1",-13.4042970515877
"p1k_00517","Crp-1",-11.7969557541943
"p1k_00552","Crp-1",-11.6807894757402
"p1k_00875","Crp-1",-11.5676257329325
"p1k_00666","Crp-1",-11.7993724284493
"p1k_00395","Crp-1",-11.7273955759908
"p1k_00653","Crp-1",-11.5902632786547
"p1k_00022","Crp-1",-8.16172633942098
"p1k_00785","Crp-1",-11.8461907163878
"p1k_00571","Crp-1",-11.7479938240034
"p1k_00279","Crp-1",-6.98744723548131
"p1k_00503","Crp-1",-13.4012172439494
"p1k_00937","Crp-1",-8.59634347189345
"p1k_00124","Crp-1",-7.5706825454615
"p1k_00612","Crp-1",-11.7948692029685
"p1k_00454","Crp-1",-7.65117162702747
"p1k_00696","Crp-1",-11.6938677253178
"p1k_00410","Crp-1",-11.7916636387614
"p1k_00974","Crp-1",-6.37906319135842
"p1k_00422","Crp-1",-11.6607786779308
"p1k_00014","Crp-1",-7.83421729394005
"p1k_00648","Crp-1",-12.5502960724025
"p1k_00320","Crp-1",-11.2658473013855
"p1k_00447","Crp-1",-9.93487024792372
"p1k_00996","Crp-1",-7.86468317467739
"p1k_00261","Crp-1",-11.6026575568322
"p1k_00558","Crp-1",-11.688767969653
"p1k_00718","Crp-1",-13.4052853877365
"p1k_00741","Crp-1",-11.6697633271846
"p1k_00006","Crp-1",-11.1455767771337
"p1k_00142","Crp-1",-6.985433083942
"p1k_00926","Crp-1",-7.04545975791467
"p1k_01017","Crp-1",-6.64570813142929
"p1k_00236","Crp-1",-7.20171893489631
"p1k_00185","Crp-1",-11.5067188018242
"p1k_00755","Crp-1",-11.7070373774988
"p1k_00129","Crp-1",-13.0445888507009
"p1k_00808","Crp-1",-10.9471065827035
"p1k_00510","Crp-1",-13.3909848413462
"p1k_00471","Crp-1",-6.50591826668687
"p1k_00183","Crp-1",-7.49631607816979
"p1k_00737","Crp-1",-11.5501847177494
"p1k_00632","Crp-1",-11.6946837733404
"p1k_00338","Crp-1",-11.7278664816962
"p1k_00363","Crp-1",-11.3152415388177
"p1k_00975","Crp-1",-6.42333907652284
"p1k_00216","Crp-1",-10.8525474095393
"p1k_00012","Crp-1",-13.1792829679947
"p1k_00383","Crp-1",-11.8137480265624
"p1k_00493","Crp-1",-13.265740102363
"p1k_00273","Crp-1",-11.736627521806
"p1k_00029","Crp-1",-10.2554021552232
"p1k_00372","Crp-1",-13.4103718045241
"p1k_00417","Crp-1",-11.6677218715095
"p1k_00196","Crp-1",-13.4007294928435
"p1k_00375","Crp-1",-10.984480073668
"p1k_00908","Crp-1",-7.59785793142555
"p1k_00592","Crp-1",-11.3927230310128
"p1k_00285","Crp-1",-10.9150042099133
"p1k_00801","Crp-1",-13.2869395257519
"p1k_00200","Crp-1",-7.84233487747949
"p1k_00542","Crp-1",-11.7497742298141
"p1k_00492","Crp-1",-6.6632807401657
"p1k_00935","Crp-1",-8.06866156480998
"p1k_01014","Crp-1",-11.2892403403832
"p1k_00238","Crp-1",-13.3682219517593
"p1k_00234","Crp-1",-6.94379959698503
"p1k_00435","Crp-1",-11.7984921566246
"p1k_00536","Crp-1",-11.5660307103787
"p1k_00684","Crp-1",-7.82292315057729
"p1k_00929","Crp-1",-7.08508185130768
"p1k_00987","Crp-1",-6.53059842175279
"p1k_00354","Crp-1",-11.5354268926034
"p1k_00399","Crp-1",-13.4083616952129
"starve_series__t00_growth1","Crp-1",-8.37672599782448
"p1k_00712","Crp-1",-11.75995869426
"p1k_00366","Crp-1",-13.4087481179889
"p1k_00028","Crp-1",-8.587041616125
"p1k_00821","Crp-1",-12.0830503690986
"p1k_00315","Crp-1",-10.6373559497407
"p1k_00388","Crp-1",-11.6048917913359
"p1k_00593","Crp-1",-11.3168938739379
"p1k_00679","Crp-1",-8.65707784896951
"p1k_00207","Crp-1",-11.179100075696
"p1k_00838","Crp-1",-13.4202061326861
"p1k_00550","Crp-1",-11.5921027758252
"p1k_00756","Crp-1",-11.7659048725105
"p1k_00897","Crp-1",-7.59251590854889
"p1k_00118","Crp-1",-13.2280171989596
"p1k_00651","Crp-1",-13.1871659999662
"p1k_00251","Crp-1",-6.61321352695771
"p1k_00725","Crp-1",-11.7131669364069
"p1k_00508","Crp-1",-6.57396733754492
"p1k_00560","Crp-1",-11.7892571693511
"p1k_00713","Crp-1",-11.9670683612629
"p1k_00871","Crp-1",-13.3276814280034
"p1k_00041","Crp-1",-7.33636647800992
"p1k_00434","Crp-1",-11.5854253081777
"p1k_00013","Crp-1",-8.45099107620572
"p1k_00606","Crp-1",-13.3444528563039
"p1k_00149","Crp-1",-7.15831700040617
"p1k_00616","Crp-1",-11.4759220395609
"p1k_00899","Crp-1",-11.3756384249359
"p1k_00719","Crp-1",-11.3911908923251
"p1k_00457","Crp-1",-6.17531289099851
"p1k_00565","Crp-1",-13.4094145586288
"p1k_00034","Crp-1",-10.6079147731385
"p1k_00504","Crp-1",-7.84214088380575
"p1k_00966","Crp-1",-13.3819656153805
"p1k_00340","Crp-1",-13.4088979828689
"p1k_00709","Crp-1",-12.4807625984391
"p1k_00578","Crp-1",-11.9340574869675
"p1k_00224","Crp-1",-11.455154073379
"p1k_00288","Crp-1",-10.4261658717679
"p1k_00167","Crp-1",-6.17031229937117
"p1k_00960","Crp-1",-8.48716553646954
"p1k_01048","Crp-1",-7.06623914546361
"p1k_00146","Crp-1",-11.8416556074865
"p1k_00144","Crp-1",-13.3114515359803
"p1k_00458","Crp-1",-6.20466417229889
"p1k_00333","Crp-1",-13.4087278288216
"p1k_00499","Crp-1",-10.4789602522804
"p1k_00547","Crp-1",-11.7695473715477
"p1k_00220","Crp-1",-11.5579643655562
"p1k_00291","Crp-1",-10.8468073183475
"p1k_00925","Crp-1",-7.35690173943681
"p1k_00797","Crp-1",-10.5223482717472
"p1k_00690","Crp-1",-7.25524053553958
"p1k_00314","Crp-1",-11.5196003504156
"p1k_00819","Crp-1",-11.3916004677206
"p1k_00449","Crp-1",-7.63773627104671
"p1k_00859","Crp-1",-11.7482186175531
"p1k_00865","Crp-1",-12.0884000515499
"p1k_00440","Crp-1",-11.8228284531413
"p1k_00451","Crp-1",-7.51224557683311
"p1k_00047","Crp-1",-10.006594289414
"p1k_00642","Crp-1",-11.0977246265146
"p1k_00836","Crp-1",-11.8146894935177
"p1k_00494","Crp-1",-9.5388242898634
"p1k_00911","Crp-1",-11.3752181217525
"p1k_00173","Crp-1",-11.4727105722617
"p1k_00270","Crp-1",-11.8710121541135
"p1k_00480","Crp-1",-11.6982095390125
"p1k_00325","Crp-1",-11.8531676725224
"p1k_00042","Crp-1",-7.73068145202761
"p1k_00963","Crp-1",-11.1067429573729
"p1k_01018","Crp-1",-8.08645106625649
"p1k_00343","Crp-1",-13.2306133082368
"p1k_00720","Crp-1",-7.2654174741609
"p1k_00093","Crp-1",-8.51019242579072
"p1k_00232","Crp-1",-6.98803531799495
"p1k_00913","Crp-1",-11.8367626643042
"p1k_00988","Crp-1",-6.53981858387614
"p1k_00746","Crp-1",-11.9149742995969
"p1k_00259","Crp-1",-8.15920168596182
"p1k_00548","Crp-1",-13.3173061474977
"p1k_00426","Crp-1",-13.2518157729649
"p1k_00152","Crp-1",-7.80409103578702
"p1k_00302","Crp-1",-7.54560405457207
"p1k_00643","Crp-1",-11.6440102590138
"p1k_00634","Crp-1",-13.3963820332344
"p1k_00300","Crp-1",-8.26461406759851
"p1k_00866","Crp-1",-11.9782006732068
"p1k_00570","Crp-1",-11.6168292913681
"p1k_00128","Crp-1",-11.7681939881921
"p1k_00604","Crp-1",-13.2623096593181
"p1k_00757","Crp-1",-11.7232557450739
"p1k_00075","Crp-1",-6.9700087077211
"p1k_00308","Crp-1",-11.1427803728969
"p1k_01054","Crp-1",-6.47939045392001
"p1k_00512","Crp-1",-13.4093633030064
"p1k_00892","Crp-1",-11.4920720573514
